Date : 2024/09/17 16:56:12
Nom du projet : Pharynx-silicone-H3-2
Emplacement du projet : P:\Projets_2024\COSSE\Pharynx-silicone-H3-2\
Légende : 
	Niveau de référence : 0
	Niveau courant : 15
	Paramètres Q4 : 
		Taille d'un élément : 64
		Nombre maximum d'itérations : 5
		Seuil de convergence : 0.001
Commentaires utilisateurs : 
	Opérateur : 
	Lieu : 
	Date : 
	Distance Caméras : 
	Angle caméras : 
	Distance du Capteur à l'objet : 

X(px)	Y(px)	X0(mm)	Y0(mm)	Z0(mm)	DX(mm)	DY(mm)	DZ(mm)	
1283.00	33.00	0.02	38.44	-11.74	0.13	-0.22	0.82	
1346.00	33.00	2.67	38.45	-11.36	0.13	-0.18	0.85	
1409.00	33.00	5.30	38.38	-10.66	0.10	-0.15	0.81	
1472.00	33.00	8.04	38.52	-12.67	0.05	-0.13	0.76	
1535.00	33.00	10.82	38.67	-14.29	-0.07	-0.16	0.65	
1031.00	96.00	-10.73	35.89	-13.38	0.03	-0.18	0.61	
1094.00	96.00	-7.96	35.82	-11.58	0.10	-0.22	0.73	
1157.00	96.00	-5.26	35.74	-10.32	0.17	-0.25	0.85	
1220.00	96.00	-2.61	35.71	-9.69	0.17	-0.23	0.84	
1283.00	96.00	0.01	35.68	-9.27	0.17	-0.20	0.83	
1346.00	96.00	2.63	35.66	-8.85	0.16	-0.15	0.82	
1409.00	96.00	5.22	35.64	-8.25	0.15	-0.11	0.81	
1472.00	96.00	7.90	35.72	-9.58	0.11	-0.09	0.75	
1535.00	96.00	10.64	35.83	-11.27	0.02	-0.11	0.68	
1598.00	96.00	13.49	35.97	-13.52	-0.16	-0.21	0.48	
1661.00	96.00	16.42	36.08	-15.86	-0.26	-0.22	0.34	
968.00	159.00	-13.42	33.18	-13.00	0.04	-0.17	0.59	
1031.00	159.00	-10.59	33.09	-10.82	0.14	-0.21	0.73	
1094.00	159.00	-7.87	33.08	-9.24	0.25	-0.25	0.89	
1157.00	159.00	-5.21	33.05	-8.19	0.27	-0.24	0.91	
1220.00	159.00	-2.59	33.02	-7.76	0.29	-0.22	0.93	
1283.00	159.00	0.01	33.00	-7.27	0.28	-0.17	0.91	
1346.00	159.00	2.59	32.99	-6.78	0.30	-0.11	0.96	
1409.00	159.00	5.15	32.97	-6.02	0.28	-0.02	0.94	
1472.00	159.00	7.80	33.05	-7.38	0.25	0.03	0.91	
1535.00	159.00	10.50	33.10	-8.74	0.18	0.03	0.85	
1598.00	159.00	13.29	33.20	-10.71	0.09	-0.05	0.78	
1661.00	159.00	16.20	33.31	-13.21	-0.14	-0.16	0.48	
1724.00	159.00	19.08	33.38	-14.75	-0.20	-0.16	0.43	
968.00	222.00	-13.29	30.47	-10.92	0.07	-0.19	0.49	
1031.00	222.00	-10.51	30.42	-9.11	0.27	-0.24	0.80	
1094.00	222.00	-7.82	30.46	-7.84	0.34	-0.24	0.91	
1157.00	222.00	-5.19	30.41	-7.08	0.36	-0.22	0.91	
1220.00	222.00	-2.58	30.39	-6.29	0.41	-0.20	0.99	
1283.00	222.00	0.00	30.43	-5.08	0.45	-0.17	1.11	
1346.00	222.00	2.56	30.38	-4.72	0.39	-0.04	1.05	
1409.00	222.00	5.13	30.39	-4.89	0.39	0.07	1.10	
1472.00	222.00	7.74	30.43	-5.87	0.41	0.15	1.16	
1535.00	222.00	10.43	30.49	-7.46	0.38	0.17	1.14	
1598.00	222.00	13.17	30.53	-8.97	0.26	0.15	0.96	
1661.00	222.00	16.03	30.59	-11.15	0.07	0.01	0.70	
1724.00	222.00	18.98	30.68	-13.55	-0.10	-0.12	0.56	
905.00	285.00	-16.06	27.89	-11.67	0.05	-0.18	0.31	
968.00	285.00	-13.23	27.84	-9.81	0.22	-0.22	0.57	
1031.00	285.00	-10.47	27.80	-8.14	0.36	-0.24	0.77	
1094.00	285.00	-7.81	27.83	-7.12	0.39	-0.24	0.78	
1157.00	285.00	-5.18	27.82	-6.25	0.45	-0.22	0.86	
1220.00	285.00	-2.56	27.83	-4.45	0.54	-0.24	0.99	
1283.00	285.00	-0.00	27.85	-3.43	0.46	-0.15	0.97	
1346.00	285.00	2.55	27.85	-3.83	0.47	-0.00	1.16	
1409.00	285.00	5.11	27.86	-4.00	0.53	0.15	1.38	
1472.00	285.00	7.68	27.88	-4.25	0.57	0.32	1.49	
1535.00	285.00	10.34	27.89	-5.72	0.62	0.31	1.56	
1598.00	285.00	13.09	27.91	-7.69	0.59	0.27	1.40	
1661.00	285.00	15.89	27.94	-9.42	0.43	0.18	1.10	
1724.00	285.00	18.83	27.97	-11.89	0.11	0.00	0.78	
1787.00	285.00	21.89	28.00	-14.62	-0.05	-0.07	0.64	
905.00	348.00	-16.12	25.22	-11.98	0.15	-0.19	0.36	
968.00	348.00	-13.24	25.22	-9.50	0.33	-0.21	0.63	
1031.00	348.00	-10.49	25.21	-8.06	0.43	-0.22	0.69	
1094.00	348.00	-7.79	25.21	-6.40	0.47	-0.23	0.67	
1157.00	348.00	-5.14	25.23	-4.64	0.58	-0.25	0.83	
1220.00	348.00	-2.55	25.32	-3.04	0.60	-0.27	0.88	
1283.00	348.00	-0.01	25.32	-2.44	0.59	-0.19	0.99	
1346.00	348.00	2.53	25.32	-2.54	0.57	-0.01	1.23	
1409.00	348.00	5.08	25.32	-2.73	0.61	0.20	1.58	
1472.00	348.00	7.60	25.35	-2.39	0.62	0.44	1.73	
1535.00	348.00	10.26	25.33	-4.23	0.83	0.59	1.94	
1598.00	348.00	12.96	25.35	-5.73	0.88	0.57	1.79	
1661.00	348.00	15.73	25.35	-7.48	0.80	0.41	1.47	
1724.00	348.00	18.68	25.32	-10.15	0.40	0.13	1.10	
1787.00	348.00	21.76	25.30	-13.18	0.00	-0.03	0.63	
842.00	411.00	-18.76	22.55	-10.99	0.11	-0.13	0.21	
905.00	411.00	-16.14	22.50	-11.72	0.23	-0.17	0.35	
968.00	411.00	-13.29	22.55	-9.78	0.38	-0.19	0.56	
1031.00	411.00	-10.52	22.60	-8.07	0.47	-0.21	0.57	
1094.00	411.00	-7.79	22.66	-5.97	0.56	-0.23	0.61	
1157.00	411.00	-5.12	22.74	-3.62	0.64	-0.25	0.74	
1220.00	411.00	-2.54	22.81	-1.92	0.69	-0.26	0.84	
1283.00	411.00	-0.01	22.85	-1.14	0.64	-0.21	0.88	
1346.00	411.00	2.52	22.86	-1.38	0.62	-0.03	1.17	
1409.00	411.00	5.05	22.84	-1.71	0.68	0.22	1.71	
1472.00	411.00	7.57	22.85	-1.43	0.76	0.46	2.10	
1535.00	411.00	10.22	22.80	-3.21	0.95	0.71	2.28	
1598.00	411.00	12.91	22.81	-4.70	1.22	0.77	2.36	
1661.00	411.00	15.63	22.81	-6.10	1.16	0.59	1.97	
1724.00	411.00	18.54	22.72	-8.62	0.77	0.26	1.61	
1787.00	411.00	21.62	22.63	-11.76	0.16	-0.01	0.92	
842.00	474.00	-18.76	19.89	-10.61	0.19	-0.10	0.22	
905.00	474.00	-16.11	19.84	-11.00	0.28	-0.14	0.30	
968.00	474.00	-13.30	19.89	-9.49	0.40	-0.16	0.42	
1031.00	474.00	-10.49	20.03	-7.15	0.51	-0.19	0.50	
1094.00	474.00	-7.73	20.21	-4.37	0.61	-0.22	0.59	
1157.00	474.00	-5.10	20.25	-2.56	0.67	-0.25	0.63	
1220.00	474.00	-2.53	20.36	-0.56	0.70	-0.25	0.76	
1283.00	474.00	-0.01	20.42	0.29	0.65	-0.21	0.77	
1346.00	474.00	2.50	20.40	-0.11	0.63	-0.06	1.00	
1409.00	474.00	5.02	20.36	-0.48	0.74	0.09	1.58	
1472.00	474.00	7.53	20.41	-0.37	0.64	0.24	1.72	
1535.00	474.00	10.16	20.34	-1.98	1.01	0.48	2.46	
1598.00	474.00	12.83	20.27	-3.40	1.24	0.55	2.42	
1661.00	474.00	15.56	20.23	-4.98	1.13	0.45	1.90	
1724.00	474.00	18.43	20.16	-7.25	0.93	0.30	1.80	
1787.00	474.00	21.47	20.01	-10.27	0.14	0.04	0.85	
842.00	537.00	-18.66	17.35	-9.28	0.23	-0.08	0.02	
905.00	537.00	-16.03	17.27	-9.75	0.28	-0.11	0.11	
968.00	537.00	-13.25	17.32	-8.51	0.41	-0.15	0.32	
1031.00	537.00	-10.39	17.58	-5.17	0.57	-0.17	0.54	
1094.00	537.00	-7.69	17.70	-2.97	0.60	-0.20	0.53	
1157.00	537.00	-5.07	17.79	-1.13	0.68	-0.24	0.57	
1220.00	537.00	-2.52	17.85	0.33	0.66	-0.23	0.64	
1283.00	537.00	-0.02	17.98	1.43	0.59	-0.20	0.64	
1346.00	537.00	2.48	17.98	1.26	0.61	-0.13	0.82	
1409.00	537.00	5.00	17.94	0.51	0.66	-0.01	1.21	
1472.00	537.00	7.50	17.94	0.66	0.65	0.01	1.47	
1535.00	537.00	10.10	17.89	-0.76	0.77	0.09	1.89	
1598.00	537.00	12.73	17.82	-1.89	0.94	0.16	1.87	
1661.00	537.00	15.46	17.72	-3.61	0.99	0.20	1.76	
1724.00	537.00	18.29	17.60	-5.72	0.71	0.14	1.35	
1787.00	537.00	21.37	17.41	-9.06	0.16	0.07	0.87	
905.00	600.00	-15.89	14.76	-7.88	0.36	-0.11	0.14	
968.00	600.00	-13.14	14.85	-6.59	0.45	-0.14	0.32	
1031.00	600.00	-10.33	15.08	-3.73	0.55	-0.17	0.49	
1094.00	600.00	-7.67	15.15	-2.16	0.57	-0.19	0.47	
1157.00	600.00	-5.05	15.38	0.13	0.64	-0.21	0.55	
1220.00	600.00	-2.51	15.49	1.58	0.60	-0.21	0.53	
1283.00	600.00	-0.02	15.57	2.23	0.57	-0.20	0.59	
1346.00	600.00	2.48	15.50	1.59	0.59	-0.16	0.71	
1409.00	600.00	4.99	15.46	1.14	0.61	-0.10	0.93	
1472.00	600.00	7.48	15.49	1.32	0.58	-0.10	1.09	
1535.00	600.00	10.06	15.42	0.32	0.63	-0.07	1.37	
1598.00	600.00	12.67	15.33	-0.80	0.73	-0.04	1.44	
1661.00	600.00	15.38	15.24	-2.42	0.70	-0.02	1.33	
1724.00	600.00	18.26	15.04	-5.02	0.45	0.04	1.04	
1787.00	600.00	21.29	14.81	-8.05	0.08	0.03	0.65	
968.00	663.00	-13.01	12.42	-4.61	0.44	-0.13	0.25	
1031.00	663.00	-10.26	12.64	-2.29	0.50	-0.15	0.36	
1094.00	663.00	-7.61	12.65	-0.48	0.57	-0.17	0.47	
1157.00	663.00	-5.03	12.96	1.22	0.58	-0.18	0.51	
1220.00	663.00	-2.51	13.11	2.37	0.56	-0.19	0.48	
1283.00	663.00	-0.02	13.09	2.35	0.55	-0.18	0.55	
1346.00	663.00	2.48	13.01	1.77	0.58	-0.16	0.64	
1409.00	663.00	5.00	12.97	1.40	0.55	-0.12	0.72	
1472.00	663.00	7.50	12.97	1.37	0.56	-0.13	0.89	
1535.00	663.00	10.07	12.92	0.59	0.61	-0.09	1.10	
1598.00	663.00	12.67	12.85	-0.36	0.54	-0.09	1.03	
1661.00	663.00	15.37	12.70	-1.90	0.40	-0.08	0.75	
1724.00	663.00	18.28	12.43	-4.79	0.13	0.00	0.57	
1787.00	663.00	21.27	12.20	-7.51	0.01	0.03	0.51	
1850.00	663.00	24.40	11.92	-10.51	0.07	0.05	0.71	
968.00	726.00	-12.91	9.99	-2.87	0.44	-0.10	0.22	
1031.00	726.00	-10.15	10.27	-0.13	0.48	-0.12	0.29	
1094.00	726.00	-7.55	10.46	1.31	0.56	-0.15	0.43	
1157.00	726.00	-5.02	10.50	1.79	0.52	-0.16	0.46	
1220.00	726.00	-2.51	10.61	2.51	0.50	-0.17	0.47	
1283.00	726.00	-0.01	10.55	2.16	0.52	-0.18	0.52	
1346.00	726.00	2.50	10.45	1.46	0.54	-0.16	0.59	
1409.00	726.00	5.01	10.46	1.53	0.52	-0.15	0.67	
1472.00	726.00	7.53	10.44	1.29	0.50	-0.16	0.73	
1535.00	726.00	10.09	10.39	0.61	0.48	-0.14	0.77	
1598.00	726.00	12.71	10.28	-0.38	0.42	-0.13	0.74	
1661.00	726.00	15.42	10.12	-1.97	0.29	-0.11	0.61	
1724.00	726.00	18.31	9.83	-4.56	0.09	-0.04	0.48	
1787.00	726.00	21.33	9.51	-7.52	-0.10	0.01	0.30	
968.00	789.00	-12.83	7.56	-1.40	0.42	-0.08	0.18	
1031.00	789.00	-10.13	7.83	0.70	0.46	-0.10	0.24	
1094.00	789.00	-7.55	7.98	1.75	0.51	-0.12	0.34	
1157.00	789.00	-5.03	8.00	1.86	0.45	-0.15	0.43	
1220.00	789.00	-2.52	8.01	1.96	0.45	-0.16	0.48	
1283.00	789.00	-0.01	7.96	1.65	0.47	-0.18	0.54	
1346.00	789.00	2.51	7.92	1.34	0.49	-0.18	0.59	
1409.00	789.00	5.02	7.95	1.71	0.48	-0.17	0.66	
1472.00	789.00	7.55	7.91	1.28	0.49	-0.19	0.73	
1535.00	789.00	10.12	7.85	0.70	0.46	-0.18	0.73	
1598.00	789.00	12.75	7.71	-0.44	0.42	-0.17	0.73	
1661.00	789.00	15.47	7.51	-2.06	0.30	-0.14	0.61	
1724.00	789.00	18.41	7.14	-4.98	0.09	-0.07	0.45	
1787.00	789.00	21.35	6.88	-7.17	-0.14	0.00	0.14	
968.00	852.00	-12.84	5.00	-1.13	0.39	-0.06	0.11	
1031.00	852.00	-10.16	5.26	0.61	0.42	-0.08	0.15	
1094.00	852.00	-7.56	5.46	1.94	0.44	-0.11	0.23	
1157.00	852.00	-5.05	5.46	1.74	0.39	-0.15	0.41	
1220.00	852.00	-2.53	5.40	1.41	0.40	-0.17	0.47	
1283.00	852.00	-0.01	5.31	0.93	0.44	-0.20	0.55	
1346.00	852.00	2.53	5.32	0.88	0.46	-0.21	0.64	
1409.00	852.00	5.05	5.37	1.24	0.41	-0.23	0.65	
1472.00	852.00	7.59	5.32	1.01	0.49	-0.27	0.81	
1535.00	852.00	10.16	5.26	0.49	0.46	-0.25	0.74	
1598.00	852.00	12.81	5.10	-0.71	0.48	-0.23	0.81	
1661.00	852.00	15.57	4.85	-2.52	0.32	-0.18	0.60	
1724.00	852.00	18.50	4.45	-5.24	0.10	-0.08	0.42	
1787.00	852.00	21.45	4.15	-7.44	-0.17	-0.01	-0.03	
968.00	915.00	-12.85	2.45	-0.77	0.30	-0.06	0.01	
1031.00	915.00	-10.21	2.61	0.32	0.37	-0.06	0.07	
1094.00	915.00	-7.60	2.84	1.43	0.34	-0.10	0.14	
1157.00	915.00	-5.07	2.85	1.35	0.32	-0.14	0.39	
1220.00	915.00	-2.55	2.71	0.66	0.36	-0.19	0.46	
1283.00	915.00	-0.00	2.65	0.32	0.39	-0.23	0.58	
1346.00	915.00	2.54	2.71	0.62	0.42	-0.24	0.67	
1409.00	915.00	5.07	2.78	1.05	0.35	-0.29	0.60	
1472.00	915.00	7.62	2.74	0.83	0.48	-0.33	0.82	
1535.00	915.00	10.21	2.65	0.21	0.47	-0.34	0.77	
1598.00	915.00	12.88	2.44	-1.08	0.27	-0.33	0.39	
1661.00	915.00	15.69	2.11	-3.28	0.09	-0.22	0.16	
1724.00	915.00	18.62	1.69	-5.78	0.01	-0.12	0.18	
1787.00	915.00	21.56	1.39	-7.77	-0.27	0.02	-0.40	
1031.00	978.00	-10.27	-0.05	-0.18	0.32	-0.04	0.07	
1094.00	978.00	-7.67	0.10	0.38	0.30	-0.08	0.20	
1157.00	978.00	-5.10	0.23	1.01	0.26	-0.14	0.29	
1220.00	978.00	-2.56	0.13	0.57	0.28	-0.19	0.40	
1283.00	978.00	0.00	0.00	0.00	0.33	-0.24	0.57	
1346.00	978.00	2.55	0.13	0.69	0.33	-0.28	0.60	
1409.00	978.00	5.10	0.16	0.85	0.36	-0.34	0.62	
1472.00	978.00	7.65	0.14	0.72	0.37	-0.37	0.61	
1535.00	978.00	10.25	0.05	0.19	0.33	-0.38	0.50	
1598.00	978.00	12.95	-0.22	-1.35	0.19	-0.35	0.28	
1661.00	978.00	15.81	-0.68	-3.89	0.09	-0.25	0.19	
1724.00	978.00	18.72	-1.08	-6.17	-0.10	-0.12	-0.19	
1787.00	978.00	21.67	-1.42	-8.10	-0.31	0.03	-0.65	
1031.00	1041.00	-10.29	-2.61	0.01	0.21	-0.05	0.05	
1094.00	1041.00	-7.70	-2.53	0.29	0.19	-0.07	0.06	
1157.00	1041.00	-5.12	-2.47	0.58	0.20	-0.13	0.19	
1220.00	1041.00	-2.57	-2.53	0.28	0.22	-0.18	0.36	
1283.00	1041.00	0.00	-2.53	0.33	0.25	-0.25	0.47	
1346.00	1041.00	2.55	-2.40	1.04	0.29	-0.32	0.55	
1409.00	1041.00	5.10	-2.35	1.23	0.33	-0.38	0.57	
1472.00	1041.00	7.67	-2.42	0.91	0.28	-0.43	0.44	
1535.00	1041.00	10.27	-2.52	0.38	0.23	-0.42	0.33	
1598.00	1041.00	13.00	-2.89	-1.46	0.19	-0.35	0.30	
1661.00	1041.00	15.90	-3.43	-4.30	0.23	-0.25	0.39	
1724.00	1041.00	18.80	-3.85	-6.35	-0.14	-0.08	-0.39	
1094.00	1104.00	-7.72	-5.13	0.35	0.11	-0.06	-0.00	
1157.00	1104.00	-5.14	-5.11	0.50	0.13	-0.12	0.11	
1220.00	1104.00	-2.57	-5.13	0.43	0.13	-0.18	0.22	
1283.00	1104.00	0.00	-5.12	0.54	0.16	-0.26	0.30	
1346.00	1104.00	2.55	-4.95	1.38	0.20	-0.37	0.36	
1409.00	1104.00	5.10	-4.85	1.77	0.22	-0.45	0.39	
1472.00	1104.00	7.68	-4.97	1.21	0.21	-0.49	0.32	
1535.00	1104.00	10.30	-5.12	0.45	0.18	-0.49	0.24	
1598.00	1104.00	13.04	-5.52	-1.42	0.20	-0.43	0.28	
1661.00	1104.00	15.93	-6.09	-4.05	0.11	-0.29	0.14	
1724.00	1104.00	18.87	-6.60	-6.36	-0.11	-0.11	-0.42	
1094.00	1167.00	-7.74	-7.76	0.44	-0.03	-0.06	-0.13	
1157.00	1167.00	-5.16	-7.81	0.20	0.02	-0.10	0.03	
1220.00	1167.00	-2.58	-7.84	0.14	0.04	-0.20	0.11	
1283.00	1167.00	0.00	-7.71	0.73	0.06	-0.31	0.12	
1346.00	1167.00	2.56	-7.53	1.57	0.11	-0.40	0.18	
1409.00	1167.00	5.11	-7.45	1.84	0.12	-0.47	0.15	
1472.00	1167.00	7.72	-7.66	0.98	0.08	-0.57	0.00	
1535.00	1167.00	10.37	-7.88	-0.03	0.04	-0.57	-0.06	
1598.00	1167.00	13.08	-8.21	-1.40	-0.02	-0.47	-0.10	
1661.00	1167.00	16.00	-8.84	-4.25	-0.01	-0.28	-0.17	
1094.00	1230.00	-7.75	-10.37	0.70	-0.15	-0.06	-0.20	
1157.00	1230.00	-5.17	-10.40	0.45	-0.10	-0.12	-0.11	
1220.00	1230.00	-2.58	-10.39	0.51	-0.07	-0.23	-0.08	
1283.00	1230.00	0.00	-10.26	1.05	-0.05	-0.34	-0.12	
1346.00	1230.00	2.57	-10.11	1.69	-0.02	-0.46	-0.05	
1409.00	1230.00	5.14	-10.11	1.73	-0.01	-0.52	-0.08	
1472.00	1230.00	7.71	-10.15	1.56	-0.01	-0.57	-0.25	
1535.00	1230.00	10.40	-10.53	0.04	-0.17	-0.54	-0.42	
1598.00	1230.00	13.21	-11.11	-2.37	-0.12	-0.45	-0.26	
1661.00	1230.00	16.06	-11.59	-4.32	0.01	-0.29	-0.19	
1031.00	1293.00	-10.35	-12.98	1.02	-0.23	-0.04	-0.21	
1094.00	1293.00	-7.76	-12.95	1.08	-0.26	-0.09	-0.27	
1157.00	1293.00	-5.16	-12.88	1.21	-0.23	-0.21	-0.27	
1220.00	1293.00	-2.58	-12.85	1.23	-0.17	-0.31	-0.30	
1283.00	1293.00	0.00	-12.79	1.53	-0.14	-0.40	-0.47	
1346.00	1293.00	2.58	-12.71	1.88	-0.12	-0.53	-0.41	
1409.00	1293.00	5.15	-12.74	1.78	-0.14	-0.61	-0.44	
1472.00	1293.00	7.76	-12.91	1.16	-0.16	-0.60	-0.52	
1535.00	1293.00	10.44	-13.23	-0.11	-0.25	-0.59	-0.58	
1598.00	1293.00	13.27	-13.89	-2.56	-0.06	-0.48	-0.25	
1661.00	1293.00	16.07	-14.24	-3.85	-0.17	-0.35	-0.69	
1031.00	1356.00	-10.36	-15.56	1.33	-0.39	-0.09	-0.38	
1094.00	1356.00	-7.74	-15.37	1.94	-0.36	-0.20	-0.39	
1157.00	1356.00	-5.15	-15.23	2.35	-0.26	-0.31	-0.33	
1220.00	1356.00	-2.57	-15.17	2.41	-0.27	-0.38	-0.54	
1283.00	1356.00	0.00	-15.24	2.28	-0.26	-0.49	-0.90	
1346.00	1356.00	2.57	-15.22	2.41	-0.23	-0.58	-0.87	
1409.00	1356.00	5.16	-15.34	2.01	-0.44	-0.67	-1.20	
1472.00	1356.00	7.79	-15.59	1.13	-0.43	-0.64	-1.10	
1535.00	1356.00	10.50	-16.00	-0.36	-0.49	-0.62	-1.08	
1598.00	1356.00	13.33	-16.65	-2.66	-0.37	-0.50	-0.90	
1661.00	1356.00	16.15	-17.08	-4.12	-0.22	-0.42	-0.86	
1031.00	1419.00	-10.37	-18.08	1.82	-0.48	-0.17	-0.49	
1094.00	1419.00	-7.72	-17.74	2.84	-0.36	-0.31	-0.45	
1157.00	1419.00	-5.13	-17.57	3.43	-0.29	-0.42	-0.50	
1220.00	1419.00	-2.57	-17.63	3.28	-0.32	-0.49	-0.81	
1283.00	1419.00	0.00	-17.61	3.32	-0.32	-0.61	-1.19	
1346.00	1419.00	2.57	-17.72	3.01	-0.41	-0.66	-1.44	
1409.00	1419.00	5.18	-17.96	2.23	-0.58	-0.65	-1.68	
1472.00	1419.00	7.82	-18.28	1.19	-0.70	-0.62	-1.75	
1535.00	1419.00	10.54	-18.72	-0.31	-0.76	-0.59	-1.64	
1598.00	1419.00	13.35	-19.32	-2.39	-0.59	-0.49	-1.30	
1661.00	1419.00	16.18	-19.75	-3.78	-0.35	-0.49	-1.17	
968.00	1482.00	-12.95	-20.58	2.52	-0.54	-0.18	-0.62	
1031.00	1482.00	-10.38	-20.68	2.16	-0.54	-0.26	-0.67	
1094.00	1482.00	-7.73	-20.35	3.12	-0.42	-0.36	-0.65	
1157.00	1482.00	-5.14	-20.26	3.49	-0.37	-0.46	-0.85	
1220.00	1482.00	-2.57	-20.21	3.58	-0.39	-0.52	-1.21	
1283.00	1482.00	-0.00	-20.12	3.92	-0.38	-0.65	-1.48	
1346.00	1482.00	2.57	-20.22	3.59	-0.56	-0.68	-1.89	
1409.00	1482.00	5.17	-20.46	2.90	-0.78	-0.64	-2.22	
1472.00	1482.00	7.82	-20.77	1.81	-0.87	-0.58	-2.20	
1535.00	1482.00	10.56	-21.37	-0.09	-0.94	-0.53	-2.08	
1598.00	1482.00	13.36	-21.96	-1.91	-0.83	-0.57	-1.82	
1661.00	1482.00	16.25	-22.58	-3.88	-0.36	-0.40	-1.27	
1724.00	1482.00	19.10	-22.96	-5.05	-0.08	-0.23	-0.97	
968.00	1545.00	-12.96	-23.13	2.99	-0.66	-0.23	-0.82	
1031.00	1545.00	-10.40	-23.28	2.45	-0.65	-0.30	-0.85	
1094.00	1545.00	-7.76	-23.07	3.13	-0.59	-0.35	-0.97	
1157.00	1545.00	-5.17	-23.10	3.03	-0.59	-0.40	-1.31	
1220.00	1545.00	-2.58	-23.07	3.10	-0.59	-0.48	-1.63	
1283.00	1545.00	0.00	-23.04	3.20	-0.73	-0.62	-2.20	
1346.00	1545.00	2.59	-22.98	3.47	-0.81	-0.69	-2.43	
1409.00	1545.00	5.18	-23.01	3.29	-0.92	-0.65	-2.60	
1472.00	1545.00	7.84	-23.50	1.86	-1.06	-0.65	-2.54	
1535.00	1545.00	10.58	-24.05	0.15	-1.10	-0.60	-2.39	
1598.00	1545.00	13.43	-24.82	-2.16	-0.84	-0.53	-1.98	
1661.00	1545.00	16.36	-25.57	-4.33	-0.47	-0.40	-1.53	
1724.00	1545.00	19.23	-25.94	-5.52	-0.12	-0.29	-0.99	
968.00	1608.00	-12.95	-25.62	3.62	-0.71	-0.28	-0.95	
1031.00	1608.00	-10.39	-25.82	3.03	-0.67	-0.32	-0.95	
1094.00	1608.00	-7.77	-25.62	3.57	-0.63	-0.34	-1.10	
1157.00	1608.00	-5.19	-25.76	3.17	-0.67	-0.38	-1.50	
1220.00	1608.00	-2.59	-25.85	2.92	-0.77	-0.44	-2.03	
1283.00	1608.00	0.01	-25.79	3.11	-0.80	-0.48	-2.46	
1346.00	1608.00	2.60	-25.77	3.21	-0.92	-0.55	-2.79	
1409.00	1608.00	5.22	-25.93	2.76	-1.05	-0.58	-2.93	
1472.00	1608.00	7.88	-26.30	1.72	-1.13	-0.50	-2.88	
1535.00	1608.00	10.63	-26.90	0.02	-1.09	-0.50	-2.63	
1598.00	1608.00	13.49	-27.67	-2.19	-0.74	-0.42	-2.03	
1661.00	1608.00	16.44	-28.47	-4.53	-0.34	-0.33	-1.45	
1724.00	1608.00	19.33	-28.89	-5.72	-0.16	-0.29	-1.10	
905.00	1671.00	-15.59	-28.32	3.77	-0.60	-0.23	-0.90	
968.00	1671.00	-12.95	-28.16	4.16	-0.71	-0.32	-1.05	
1031.00	1671.00	-10.38	-28.29	3.75	-0.67	-0.33	-1.05	
1094.00	1671.00	-7.77	-28.19	4.05	-0.64	-0.32	-1.21	
1157.00	1671.00	-5.19	-28.33	3.66	-0.69	-0.34	-1.61	
1220.00	1671.00	-2.59	-28.39	3.49	-0.75	-0.37	-2.05	
1283.00	1671.00	0.01	-28.35	3.62	-0.81	-0.41	-2.51	
1346.00	1671.00	2.61	-28.41	3.46	-0.89	-0.40	-2.77	
1409.00	1671.00	5.24	-28.64	2.88	-1.05	-0.43	-2.94	
1472.00	1671.00	7.91	-29.02	1.88	-1.11	-0.42	-2.89	
1535.00	1671.00	10.65	-29.60	0.32	-1.02	-0.41	-2.60	
1598.00	1671.00	13.52	-30.41	-1.94	-0.69	-0.34	-2.00	
1661.00	1671.00	16.46	-31.20	-4.10	-0.36	-0.29	-1.48	
1724.00	1671.00	19.37	-31.69	-5.42	-0.14	-0.25	-1.11	
905.00	1734.00	-15.60	-30.90	4.18	-0.57	-0.25	-0.99	
968.00	1734.00	-12.94	-30.66	4.87	-0.67	-0.33	-1.13	
1031.00	1734.00	-10.37	-30.77	4.51	-0.65	-0.33	-1.12	
1094.00	1734.00	-7.77	-30.69	4.71	-0.62	-0.30	-1.27	
1157.00	1734.00	-5.19	-30.80	4.41	-0.64	-0.29	-1.60	
1220.00	1734.00	-2.59	-30.81	4.38	-0.67	-0.29	-1.96	
1283.00	1734.00	0.01	-30.80	4.42	-0.70	-0.27	-2.27	
1346.00	1734.00	2.61	-30.93	4.12	-0.81	-0.26	-2.54	
1409.00	1734.00	5.24	-31.22	3.39	-0.92	-0.28	-2.63	
1472.00	1734.00	7.91	-31.61	2.42	-0.98	-0.29	-2.62	
1535.00	1734.00	10.64	-32.14	1.04	-0.92	-0.29	-2.41	
1598.00	1734.00	13.50	-32.95	-1.06	-0.65	-0.24	-1.87	
1661.00	1734.00	16.44	-33.82	-3.35	-0.36	-0.23	-1.43	
1724.00	1734.00	19.36	-34.37	-4.78	-0.15	-0.23	-1.11	
905.00	1797.00	-15.61	-33.46	4.64	-0.53	-0.26	-1.05	
968.00	1797.00	-12.95	-33.21	5.28	-0.64	-0.34	-1.19	
1031.00	1797.00	-10.40	-33.45	4.69	-0.64	-0.34	-1.21	
1094.00	1797.00	-7.79	-33.39	4.87	-0.61	-0.29	-1.30	
1157.00	1797.00	-5.19	-33.36	4.92	-0.59	-0.25	-1.54	
1220.00	1797.00	-2.59	-33.27	5.16	-0.59	-0.21	-1.79	
1283.00	1797.00	0.00	-33.25	5.26	-0.61	-0.16	-2.03	
1346.00	1797.00	2.60	-33.40	4.89	-0.68	-0.12	-2.18	
1409.00	1797.00	5.23	-33.72	4.11	-0.78	-0.13	-2.27	
1472.00	1797.00	7.90	-34.11	3.18	-0.83	-0.14	-2.26	
1535.00	1797.00	10.62	-34.63	1.90	-0.79	-0.14	-2.10	
1598.00	1797.00	13.47	-35.48	-0.20	-0.58	-0.15	-1.70	
1661.00	1797.00	16.44	-36.49	-2.74	-0.29	-0.18	-1.27	
1724.00	1797.00	19.37	-37.08	-4.20	-0.13	-0.23	-1.06	
905.00	1860.00	-15.61	-35.96	5.31	-0.46	-0.21	-1.01	
968.00	1860.00	-12.96	-35.78	5.78	-0.59	-0.31	-1.18	
1031.00	1860.00	-10.43	-36.20	4.75	-0.62	-0.34	-1.27	
1094.00	1860.00	-7.80	-36.04	5.15	-0.58	-0.28	-1.30	
1157.00	1860.00	-5.19	-35.98	5.30	-0.56	-0.23	-1.46	
1220.00	1860.00	-2.59	-35.86	5.58	-0.55	-0.18	-1.63	
1283.00	1860.00	0.01	-35.82	5.72	-0.54	-0.10	-1.78	
1346.00	1860.00	2.61	-35.96	5.41	-0.59	-0.05	-1.87	
1409.00	1860.00	5.23	-36.29	4.67	-0.63	-0.03	-1.89	
1472.00	1860.00	7.91	-36.71	3.67	-0.65	-0.01	-1.82	
1535.00	1860.00	10.64	-37.30	2.31	-0.60	-0.03	-1.66	
1598.00	1860.00	13.51	-38.25	0.03	-0.40	-0.08	-1.33	
1661.00	1860.00	16.46	-39.23	-2.31	-0.19	-0.14	-1.08	
1724.00	1860.00	19.37	-39.80	-3.61	-0.08	-0.22	-0.97	
905.00	1923.00	-15.57	-38.32	6.25	-0.44	-0.19	-0.97	
968.00	1923.00	-12.95	-38.22	6.45	-0.49	-0.24	-1.07	
1031.00	1923.00	-10.46	-38.92	4.92	-0.57	-0.30	-1.24	
1094.00	1923.00	-7.82	-38.72	5.42	-0.55	-0.26	-1.28	
1157.00	1923.00	-5.20	-38.58	5.75	-0.51	-0.19	-1.34	
1220.00	1923.00	-2.59	-38.47	6.02	-0.49	-0.13	-1.42	
1283.00	1923.00	0.01	-38.46	6.06	-0.48	-0.06	-1.49	
1346.00	1923.00	2.61	-38.57	5.82	-0.48	-0.02	-1.56	
1409.00	1923.00	5.25	-38.96	4.98	-0.50	-0.02	-1.59	
1472.00	1923.00	7.93	-39.45	3.89	-0.49	0.02	-1.50	
1535.00	1923.00	10.68	-40.11	2.38	-0.40	0.01	-1.32	
1598.00	1923.00	13.53	-41.00	0.36	-0.27	-0.05	-1.14	
1661.00	1923.00	16.45	-41.84	-1.52	-0.15	-0.13	-1.00	
