Date : 2024/09/17 16:56:09
Nom du projet : Pharynx-silicone-H3-2
Emplacement du projet : P:\Projets_2024\COSSE\Pharynx-silicone-H3-2\
Légende : 
	Niveau de référence : 0
	Niveau courant : 6
	Paramètres Q4 : 
		Taille d'un élément : 64
		Nombre maximum d'itérations : 5
		Seuil de convergence : 0.001
Commentaires utilisateurs : 
	Opérateur : 
	Lieu : 
	Date : 
	Distance Caméras : 
	Angle caméras : 
	Distance du Capteur à l'objet : 

X(px)	Y(px)	X0(mm)	Y0(mm)	Z0(mm)	DX(mm)	DY(mm)	DZ(mm)	
1283.00	33.00	0.02	38.44	-11.74	1.44	0.63	0.75	
1346.00	33.00	2.67	38.45	-11.36	1.45	0.59	0.73	
1409.00	33.00	5.30	38.38	-10.66	1.44	0.53	0.72	
1472.00	33.00	8.04	38.52	-12.67	1.44	0.48	0.69	
1535.00	33.00	10.82	38.67	-14.29	1.38	0.42	0.63	
1031.00	96.00	-10.73	35.89	-13.38	1.44	0.77	0.67	
1094.00	96.00	-7.96	35.82	-11.58	1.42	0.74	0.69	
1157.00	96.00	-5.26	35.74	-10.32	1.42	0.69	0.72	
1220.00	96.00	-2.61	35.71	-9.69	1.41	0.66	0.73	
1283.00	96.00	0.01	35.68	-9.27	1.42	0.61	0.75	
1346.00	96.00	2.63	35.66	-8.85	1.43	0.55	0.72	
1409.00	96.00	5.22	35.64	-8.25	1.43	0.50	0.70	
1472.00	96.00	7.90	35.72	-9.58	1.42	0.44	0.66	
1535.00	96.00	10.64	35.83	-11.27	1.39	0.39	0.59	
1598.00	96.00	13.49	35.97	-13.52	1.27	0.34	0.45	
1661.00	96.00	16.42	36.08	-15.86	1.12	0.28	0.24	
968.00	159.00	-13.42	33.18	-13.00	1.45	0.75	0.60	
1031.00	159.00	-10.59	33.09	-10.82	1.42	0.70	0.61	
1094.00	159.00	-7.87	33.08	-9.24	1.38	0.65	0.60	
1157.00	159.00	-5.21	33.05	-8.19	1.37	0.62	0.61	
1220.00	159.00	-2.59	33.02	-7.76	1.37	0.59	0.64	
1283.00	159.00	0.01	33.00	-7.27	1.37	0.55	0.64	
1346.00	159.00	2.59	32.99	-6.78	1.38	0.49	0.64	
1409.00	159.00	5.15	32.97	-6.02	1.38	0.44	0.62	
1472.00	159.00	7.80	33.05	-7.38	1.38	0.39	0.59	
1535.00	159.00	10.50	33.10	-8.74	1.36	0.34	0.53	
1598.00	159.00	13.29	33.20	-10.71	1.32	0.30	0.48	
1661.00	159.00	16.20	33.31	-13.21	1.14	0.26	0.25	
1724.00	159.00	19.08	33.38	-14.75	1.03	0.22	0.10	
968.00	222.00	-13.29	30.47	-10.92	1.44	0.72	0.49	
1031.00	222.00	-10.51	30.42	-9.11	1.38	0.64	0.46	
1094.00	222.00	-7.82	30.46	-7.84	1.33	0.60	0.47	
1157.00	222.00	-5.19	30.41	-7.08	1.33	0.57	0.49	
1220.00	222.00	-2.58	30.39	-6.29	1.33	0.54	0.52	
1283.00	222.00	0.00	30.43	-5.08	1.35	0.48	0.57	
1346.00	222.00	2.56	30.38	-4.72	1.32	0.43	0.53	
1409.00	222.00	5.13	30.39	-4.89	1.32	0.40	0.50	
1472.00	222.00	7.74	30.43	-5.87	1.31	0.37	0.49	
1535.00	222.00	10.43	30.49	-7.46	1.29	0.32	0.41	
1598.00	222.00	13.17	30.53	-8.97	1.26	0.28	0.37	
1661.00	222.00	16.03	30.59	-11.15	1.18	0.23	0.28	
1724.00	222.00	18.98	30.68	-13.55	1.04	0.19	0.09	
905.00	285.00	-16.06	27.89	-11.67	1.45	0.74	0.34	
968.00	285.00	-13.23	27.84	-9.81	1.39	0.68	0.34	
1031.00	285.00	-10.47	27.80	-8.14	1.34	0.62	0.33	
1094.00	285.00	-7.81	27.83	-7.12	1.31	0.58	0.36	
1157.00	285.00	-5.18	27.82	-6.25	1.31	0.54	0.41	
1220.00	285.00	-2.56	27.83	-4.45	1.31	0.48	0.46	
1283.00	285.00	-0.00	27.85	-3.43	1.27	0.44	0.43	
1346.00	285.00	2.55	27.85	-3.83	1.27	0.40	0.43	
1409.00	285.00	5.11	27.86	-4.00	1.28	0.37	0.44	
1472.00	285.00	7.68	27.88	-4.25	1.28	0.33	0.44	
1535.00	285.00	10.34	27.89	-5.72	1.25	0.30	0.37	
1598.00	285.00	13.09	27.91	-7.69	1.20	0.26	0.29	
1661.00	285.00	15.89	27.94	-9.42	1.18	0.22	0.24	
1724.00	285.00	18.83	27.97	-11.89	1.09	0.17	0.17	
1787.00	285.00	21.89	28.00	-14.62	1.01	0.15	0.10	
905.00	348.00	-16.12	25.22	-11.98	1.44	0.73	0.28	
968.00	348.00	-13.24	25.22	-9.50	1.35	0.67	0.23	
1031.00	348.00	-10.49	25.21	-8.06	1.31	0.62	0.25	
1094.00	348.00	-7.79	25.21	-6.40	1.29	0.58	0.30	
1157.00	348.00	-5.14	25.23	-4.64	1.27	0.52	0.33	
1220.00	348.00	-2.55	25.32	-3.04	1.24	0.46	0.35	
1283.00	348.00	-0.01	25.32	-2.44	1.23	0.42	0.36	
1346.00	348.00	2.53	25.32	-2.54	1.23	0.38	0.39	
1409.00	348.00	5.08	25.32	-2.73	1.24	0.34	0.39	
1472.00	348.00	7.60	25.35	-2.39	1.24	0.30	0.37	
1535.00	348.00	10.26	25.33	-4.23	1.22	0.27	0.33	
1598.00	348.00	12.96	25.35	-5.73	1.21	0.23	0.31	
1661.00	348.00	15.73	25.35	-7.48	1.18	0.19	0.25	
1724.00	348.00	18.68	25.32	-10.15	1.09	0.16	0.15	
1787.00	348.00	21.76	25.30	-13.18	0.98	0.13	0.01	
842.00	411.00	-18.76	22.55	-10.99	1.42	0.81	0.06	
905.00	411.00	-16.14	22.50	-11.72	1.41	0.74	0.21	
968.00	411.00	-13.29	22.55	-9.78	1.32	0.68	0.20	
1031.00	411.00	-10.52	22.60	-8.07	1.27	0.61	0.21	
1094.00	411.00	-7.79	22.66	-5.97	1.24	0.56	0.25	
1157.00	411.00	-5.12	22.74	-3.62	1.21	0.50	0.25	
1220.00	411.00	-2.54	22.81	-1.92	1.20	0.45	0.28	
1283.00	411.00	-0.01	22.85	-1.14	1.19	0.40	0.31	
1346.00	411.00	2.52	22.86	-1.38	1.19	0.36	0.33	
1409.00	411.00	5.05	22.84	-1.71	1.19	0.32	0.32	
1472.00	411.00	7.57	22.85	-1.43	1.19	0.29	0.32	
1535.00	411.00	10.22	22.80	-3.21	1.17	0.26	0.28	
1598.00	411.00	12.91	22.81	-4.70	1.15	0.22	0.24	
1661.00	411.00	15.63	22.81	-6.10	1.14	0.19	0.18	
1724.00	411.00	18.54	22.72	-8.62	1.11	0.16	0.21	
1787.00	411.00	21.62	22.63	-11.76	0.96	0.12	-0.03	
842.00	474.00	-18.76	19.89	-10.61	1.35	0.82	-0.01	
905.00	474.00	-16.11	19.84	-11.00	1.34	0.76	0.14	
968.00	474.00	-13.30	19.89	-9.49	1.27	0.68	0.16	
1031.00	474.00	-10.49	20.03	-7.15	1.22	0.61	0.17	
1094.00	474.00	-7.73	20.21	-4.37	1.19	0.55	0.19	
1157.00	474.00	-5.10	20.25	-2.56	1.16	0.49	0.21	
1220.00	474.00	-2.53	20.36	-0.56	1.17	0.43	0.26	
1283.00	474.00	-0.01	20.42	0.29	1.14	0.38	0.26	
1346.00	474.00	2.50	20.40	-0.11	1.14	0.35	0.28	
1409.00	474.00	5.02	20.36	-0.48	1.16	0.31	0.29	
1472.00	474.00	7.53	20.41	-0.37	1.15	0.27	0.28	
1535.00	474.00	10.16	20.34	-1.98	1.14	0.24	0.24	
1598.00	474.00	12.83	20.27	-3.40	1.12	0.21	0.21	
1661.00	474.00	15.56	20.23	-4.98	1.10	0.18	0.16	
1724.00	474.00	18.43	20.16	-7.25	1.07	0.15	0.14	
1787.00	474.00	21.47	20.01	-10.27	0.96	0.12	-0.01	
842.00	537.00	-18.66	17.35	-9.28	1.28	0.82	-0.01	
905.00	537.00	-16.03	17.27	-9.75	1.25	0.77	0.09	
968.00	537.00	-13.25	17.32	-8.51	1.20	0.68	0.16	
1031.00	537.00	-10.39	17.58	-5.17	1.16	0.61	0.14	
1094.00	537.00	-7.69	17.70	-2.97	1.11	0.55	0.11	
1157.00	537.00	-5.07	17.79	-1.13	1.12	0.48	0.19	
1220.00	537.00	-2.52	17.85	0.33	1.13	0.42	0.23	
1283.00	537.00	-0.02	17.98	1.43	1.10	0.37	0.21	
1346.00	537.00	2.48	17.98	1.26	1.10	0.34	0.23	
1409.00	537.00	5.00	17.94	0.51	1.12	0.30	0.24	
1472.00	537.00	7.50	17.94	0.66	1.11	0.25	0.23	
1535.00	537.00	10.10	17.89	-0.76	1.10	0.23	0.19	
1598.00	537.00	12.73	17.82	-1.89	1.09	0.19	0.18	
1661.00	537.00	15.46	17.72	-3.61	1.07	0.16	0.14	
1724.00	537.00	18.29	17.60	-5.72	1.03	0.13	0.10	
1787.00	537.00	21.37	17.41	-9.06	0.95	0.11	0.01	
905.00	600.00	-15.89	14.76	-7.88	1.16	0.73	0.06	
968.00	600.00	-13.14	14.85	-6.59	1.12	0.68	0.11	
1031.00	600.00	-10.33	15.08	-3.73	1.10	0.61	0.14	
1094.00	600.00	-7.67	15.15	-2.16	1.06	0.54	0.10	
1157.00	600.00	-5.05	15.38	0.13	1.08	0.48	0.17	
1220.00	600.00	-2.51	15.49	1.58	1.08	0.42	0.19	
1283.00	600.00	-0.02	15.57	2.23	1.06	0.37	0.19	
1346.00	600.00	2.48	15.50	1.59	1.06	0.33	0.19	
1409.00	600.00	4.99	15.46	1.14	1.07	0.29	0.20	
1472.00	600.00	7.48	15.49	1.32	1.07	0.25	0.19	
1535.00	600.00	10.06	15.42	0.32	1.06	0.22	0.18	
1598.00	600.00	12.67	15.33	-0.80	1.06	0.19	0.15	
1661.00	600.00	15.38	15.24	-2.42	1.04	0.16	0.12	
1724.00	600.00	18.26	15.04	-5.02	0.99	0.13	0.08	
1787.00	600.00	21.29	14.81	-8.05	0.94	0.11	0.02	
968.00	663.00	-13.01	12.42	-4.61	1.05	0.67	0.10	
1031.00	663.00	-10.26	12.64	-2.29	1.03	0.62	0.12	
1094.00	663.00	-7.61	12.65	-0.48	1.02	0.55	0.13	
1157.00	663.00	-5.03	12.96	1.22	1.04	0.48	0.15	
1220.00	663.00	-2.51	13.11	2.37	1.03	0.43	0.15	
1283.00	663.00	-0.02	13.09	2.35	1.02	0.38	0.15	
1346.00	663.00	2.48	13.01	1.77	1.02	0.34	0.15	
1409.00	663.00	5.00	12.97	1.40	1.03	0.29	0.18	
1472.00	663.00	7.50	12.97	1.37	1.03	0.25	0.15	
1535.00	663.00	10.07	12.92	0.59	1.02	0.22	0.14	
1598.00	663.00	12.67	12.85	-0.36	1.01	0.19	0.13	
1661.00	663.00	15.37	12.70	-1.90	1.00	0.15	0.08	
1724.00	663.00	18.28	12.43	-4.79	0.94	0.13	0.04	
1787.00	663.00	21.27	12.20	-7.51	0.91	0.11	0.03	
1850.00	663.00	24.40	11.92	-10.51	0.91	0.11	0.06	
968.00	726.00	-12.91	9.99	-2.87	0.99	0.65	0.08	
1031.00	726.00	-10.15	10.27	-0.13	0.96	0.61	0.09	
1094.00	726.00	-7.55	10.46	1.31	0.98	0.57	0.15	
1157.00	726.00	-5.02	10.50	1.79	1.01	0.49	0.15	
1220.00	726.00	-2.51	10.61	2.51	0.99	0.43	0.13	
1283.00	726.00	-0.01	10.55	2.16	0.99	0.38	0.13	
1346.00	726.00	2.50	10.45	1.46	0.99	0.34	0.14	
1409.00	726.00	5.01	10.46	1.53	0.99	0.30	0.14	
1472.00	726.00	7.53	10.44	1.29	0.98	0.26	0.13	
1535.00	726.00	10.09	10.39	0.61	0.98	0.22	0.12	
1598.00	726.00	12.71	10.28	-0.38	0.97	0.19	0.10	
1661.00	726.00	15.42	10.12	-1.97	0.95	0.16	0.08	
1724.00	726.00	18.31	9.83	-4.56	0.91	0.13	0.04	
1787.00	726.00	21.33	9.51	-7.52	0.87	0.11	0.00	
968.00	789.00	-12.83	7.56	-1.40	0.93	0.64	0.08	
1031.00	789.00	-10.13	7.83	0.70	0.92	0.61	0.10	
1094.00	789.00	-7.55	7.98	1.75	0.95	0.57	0.17	
1157.00	789.00	-5.03	8.00	1.86	0.96	0.49	0.13	
1220.00	789.00	-2.52	8.01	1.96	0.96	0.44	0.12	
1283.00	789.00	-0.01	7.96	1.65	0.95	0.39	0.13	
1346.00	789.00	2.51	7.92	1.34	0.95	0.34	0.12	
1409.00	789.00	5.02	7.95	1.71	0.95	0.30	0.13	
1472.00	789.00	7.55	7.91	1.28	0.94	0.26	0.12	
1535.00	789.00	10.12	7.85	0.70	0.94	0.22	0.11	
1598.00	789.00	12.75	7.71	-0.44	0.93	0.19	0.10	
1661.00	789.00	15.47	7.51	-2.06	0.91	0.16	0.08	
1724.00	789.00	18.41	7.14	-4.98	0.88	0.13	0.05	
1787.00	789.00	21.35	6.88	-7.17	0.84	0.11	0.01	
968.00	852.00	-12.84	5.00	-1.13	0.89	0.62	0.09	
1031.00	852.00	-10.16	5.26	0.61	0.88	0.60	0.13	
1094.00	852.00	-7.56	5.46	1.94	0.93	0.57	0.20	
1157.00	852.00	-5.05	5.46	1.74	0.92	0.50	0.12	
1220.00	852.00	-2.53	5.40	1.41	0.92	0.44	0.13	
1283.00	852.00	-0.01	5.31	0.93	0.91	0.39	0.12	
1346.00	852.00	2.53	5.32	0.88	0.92	0.34	0.12	
1409.00	852.00	5.05	5.37	1.24	0.92	0.30	0.13	
1472.00	852.00	7.59	5.32	1.01	0.90	0.26	0.11	
1535.00	852.00	10.16	5.26	0.49	0.90	0.23	0.11	
1598.00	852.00	12.81	5.10	-0.71	0.89	0.19	0.09	
1661.00	852.00	15.57	4.85	-2.52	0.88	0.16	0.08	
1724.00	852.00	18.50	4.45	-5.24	0.84	0.13	0.06	
1787.00	852.00	21.45	4.15	-7.44	0.80	0.10	0.01	
968.00	915.00	-12.85	2.45	-0.77	0.85	0.59	0.12	
1031.00	915.00	-10.21	2.61	0.32	0.85	0.59	0.15	
1094.00	915.00	-7.60	2.84	1.43	0.89	0.56	0.21	
1157.00	915.00	-5.07	2.85	1.35	0.88	0.50	0.13	
1220.00	915.00	-2.55	2.71	0.66	0.87	0.44	0.15	
1283.00	915.00	-0.00	2.65	0.32	0.86	0.38	0.13	
1346.00	915.00	2.54	2.71	0.62	0.88	0.34	0.15	
1409.00	915.00	5.07	2.78	1.05	0.88	0.30	0.13	
1472.00	915.00	7.62	2.74	0.83	0.87	0.27	0.11	
1535.00	915.00	10.21	2.65	0.21	0.86	0.23	0.10	
1598.00	915.00	12.88	2.44	-1.08	0.85	0.19	0.10	
1661.00	915.00	15.69	2.11	-3.28	0.85	0.16	0.10	
1724.00	915.00	18.62	1.69	-5.78	0.80	0.12	0.06	
1787.00	915.00	21.56	1.39	-7.77	0.78	0.10	0.02	
1031.00	978.00	-10.27	-0.05	-0.18	0.83	0.57	0.20	
1094.00	978.00	-7.67	0.10	0.38	0.85	0.54	0.21	
1157.00	978.00	-5.10	0.23	1.01	0.84	0.49	0.17	
1220.00	978.00	-2.56	0.13	0.57	0.83	0.44	0.19	
1283.00	978.00	0.00	0.00	0.00	0.83	0.38	0.16	
1346.00	978.00	2.55	0.13	0.69	0.84	0.34	0.17	
1409.00	978.00	5.10	0.16	0.85	0.84	0.30	0.13	
1472.00	978.00	7.65	0.14	0.72	0.84	0.27	0.12	
1535.00	978.00	10.25	0.05	0.19	0.82	0.23	0.11	
1598.00	978.00	12.95	-0.22	-1.35	0.82	0.20	0.11	
1661.00	978.00	15.81	-0.68	-3.89	0.81	0.15	0.12	
1724.00	978.00	18.72	-1.08	-6.17	0.77	0.10	0.06	
1787.00	978.00	21.67	-1.42	-8.10	0.77	0.09	0.06	
1031.00	1041.00	-10.29	-2.61	0.01	0.81	0.52	0.23	
1094.00	1041.00	-7.70	-2.53	0.29	0.80	0.52	0.20	
1157.00	1041.00	-5.12	-2.47	0.58	0.80	0.48	0.22	
1220.00	1041.00	-2.57	-2.53	0.28	0.80	0.43	0.23	
1283.00	1041.00	0.00	-2.53	0.33	0.79	0.37	0.18	
1346.00	1041.00	2.55	-2.40	1.04	0.82	0.34	0.20	
1409.00	1041.00	5.10	-2.35	1.23	0.81	0.30	0.15	
1472.00	1041.00	7.67	-2.42	0.91	0.81	0.27	0.13	
1535.00	1041.00	10.27	-2.52	0.38	0.79	0.24	0.12	
1598.00	1041.00	13.00	-2.89	-1.46	0.79	0.20	0.13	
1661.00	1041.00	15.90	-3.43	-4.30	0.78	0.15	0.14	
1724.00	1041.00	18.80	-3.85	-6.35	0.76	0.09	0.09	
1094.00	1104.00	-7.72	-5.13	0.35	0.78	0.50	0.25	
1157.00	1104.00	-5.14	-5.11	0.50	0.77	0.47	0.27	
1220.00	1104.00	-2.57	-5.13	0.43	0.76	0.42	0.25	
1283.00	1104.00	0.00	-5.12	0.54	0.76	0.36	0.21	
1346.00	1104.00	2.55	-4.95	1.38	0.79	0.34	0.22	
1409.00	1104.00	5.10	-4.85	1.77	0.78	0.30	0.16	
1472.00	1104.00	7.68	-4.97	1.21	0.77	0.28	0.15	
1535.00	1104.00	10.30	-5.12	0.45	0.76	0.24	0.15	
1598.00	1104.00	13.04	-5.52	-1.42	0.76	0.20	0.14	
1661.00	1104.00	15.93	-6.09	-4.05	0.77	0.15	0.16	
1724.00	1104.00	18.87	-6.60	-6.36	0.73	0.08	0.11	
1094.00	1167.00	-7.74	-7.76	0.44	0.72	0.45	0.23	
1157.00	1167.00	-5.16	-7.81	0.20	0.74	0.44	0.28	
1220.00	1167.00	-2.58	-7.84	0.14	0.75	0.39	0.27	
1283.00	1167.00	0.00	-7.71	0.73	0.74	0.35	0.22	
1346.00	1167.00	2.56	-7.53	1.57	0.76	0.33	0.22	
1409.00	1167.00	5.11	-7.45	1.84	0.76	0.30	0.17	
1472.00	1167.00	7.72	-7.66	0.98	0.75	0.28	0.18	
1535.00	1167.00	10.37	-7.88	-0.03	0.74	0.25	0.17	
1598.00	1167.00	13.08	-8.21	-1.40	0.74	0.21	0.18	
1661.00	1167.00	16.00	-8.84	-4.25	0.74	0.14	0.18	
1094.00	1230.00	-7.75	-10.37	0.70	0.71	0.42	0.24	
1157.00	1230.00	-5.17	-10.40	0.45	0.74	0.40	0.28	
1220.00	1230.00	-2.58	-10.39	0.51	0.75	0.36	0.27	
1283.00	1230.00	0.00	-10.26	1.05	0.74	0.34	0.24	
1346.00	1230.00	2.57	-10.11	1.69	0.75	0.33	0.24	
1409.00	1230.00	5.14	-10.11	1.73	0.74	0.31	0.21	
1472.00	1230.00	7.71	-10.15	1.56	0.73	0.29	0.20	
1535.00	1230.00	10.40	-10.53	0.04	0.73	0.26	0.21	
1598.00	1230.00	13.21	-11.11	-2.37	0.73	0.20	0.22	
1661.00	1230.00	16.06	-11.59	-4.32	0.72	0.13	0.24	
1031.00	1293.00	-10.35	-12.98	1.02	0.74	0.38	0.21	
1094.00	1293.00	-7.76	-12.95	1.08	0.76	0.38	0.28	
1157.00	1293.00	-5.16	-12.88	1.21	0.79	0.37	0.33	
1220.00	1293.00	-2.58	-12.85	1.23	0.77	0.35	0.29	
1283.00	1293.00	0.00	-12.79	1.53	0.75	0.33	0.27	
1346.00	1293.00	2.58	-12.71	1.88	0.74	0.33	0.27	
1409.00	1293.00	5.15	-12.74	1.78	0.74	0.32	0.26	
1472.00	1293.00	7.76	-12.91	1.16	0.73	0.30	0.27	
1535.00	1293.00	10.44	-13.23	-0.11	0.72	0.26	0.27	
1598.00	1293.00	13.27	-13.89	-2.56	0.72	0.19	0.28	
1661.00	1293.00	16.07	-14.24	-3.85	0.69	0.12	0.27	
1031.00	1356.00	-10.36	-15.56	1.33	0.80	0.36	0.29	
1094.00	1356.00	-7.74	-15.37	1.94	0.83	0.35	0.34	
1157.00	1356.00	-5.15	-15.23	2.35	0.81	0.35	0.33	
1220.00	1356.00	-2.57	-15.17	2.41	0.79	0.35	0.32	
1283.00	1356.00	0.00	-15.24	2.28	0.77	0.35	0.31	
1346.00	1356.00	2.57	-15.22	2.41	0.76	0.34	0.33	
1409.00	1356.00	5.16	-15.34	2.01	0.75	0.33	0.35	
1472.00	1356.00	7.79	-15.59	1.13	0.74	0.30	0.36	
1535.00	1356.00	10.50	-16.00	-0.36	0.73	0.25	0.36	
1598.00	1356.00	13.33	-16.65	-2.66	0.72	0.19	0.36	
1661.00	1356.00	16.15	-17.08	-4.12	0.65	0.09	0.28	
1031.00	1419.00	-10.37	-18.08	1.82	0.87	0.35	0.38	
1094.00	1419.00	-7.72	-17.74	2.84	0.84	0.34	0.35	
1157.00	1419.00	-5.13	-17.57	3.43	0.81	0.35	0.35	
1220.00	1419.00	-2.57	-17.63	3.28	0.79	0.37	0.39	
1283.00	1419.00	0.00	-17.61	3.32	0.79	0.39	0.39	
1346.00	1419.00	2.57	-17.72	3.01	0.78	0.38	0.43	
1409.00	1419.00	5.18	-17.96	2.23	0.77	0.35	0.47	
1472.00	1419.00	7.82	-18.28	1.19	0.76	0.31	0.49	
1535.00	1419.00	10.54	-18.72	-0.31	0.75	0.26	0.49	
1598.00	1419.00	13.35	-19.32	-2.39	0.74	0.20	0.47	
1661.00	1419.00	16.18	-19.75	-3.78	0.63	0.08	0.32	
968.00	1482.00	-12.95	-20.58	2.52	0.91	0.35	0.40	
1031.00	1482.00	-10.38	-20.68	2.16	0.90	0.35	0.44	
1094.00	1482.00	-7.73	-20.35	3.12	0.85	0.36	0.42	
1157.00	1482.00	-5.14	-20.26	3.49	0.82	0.38	0.46	
1220.00	1482.00	-2.57	-20.21	3.58	0.82	0.41	0.54	
1283.00	1482.00	-0.00	-20.12	3.92	0.81	0.44	0.56	
1346.00	1482.00	2.57	-20.22	3.59	0.82	0.43	0.60	
1409.00	1482.00	5.17	-20.46	2.90	0.81	0.40	0.62	
1472.00	1482.00	7.82	-20.77	1.81	0.80	0.36	0.65	
1535.00	1482.00	10.56	-21.37	-0.09	0.77	0.27	0.61	
1598.00	1482.00	13.36	-21.96	-1.91	0.78	0.24	0.62	
1661.00	1482.00	16.25	-22.58	-3.88	0.63	0.07	0.40	
1724.00	1482.00	19.10	-22.96	-5.05	0.53	-0.01	0.27	
968.00	1545.00	-12.96	-23.13	2.99	0.90	0.34	0.38	
1031.00	1545.00	-10.40	-23.28	2.45	0.90	0.34	0.47	
1094.00	1545.00	-7.76	-23.07	3.13	0.84	0.33	0.51	
1157.00	1545.00	-5.17	-23.10	3.03	0.83	0.36	0.67	
1220.00	1545.00	-2.58	-23.07	3.10	0.84	0.39	0.79	
1283.00	1545.00	0.00	-23.04	3.20	0.86	0.42	0.85	
1346.00	1545.00	2.59	-22.98	3.47	0.88	0.45	0.86	
1409.00	1545.00	5.18	-23.01	3.29	0.86	0.44	0.79	
1472.00	1545.00	7.84	-23.50	1.86	0.85	0.36	0.77	
1535.00	1545.00	10.58	-24.05	0.15	0.84	0.30	0.80	
1598.00	1545.00	13.43	-24.82	-2.16	0.79	0.20	0.70	
1661.00	1545.00	16.36	-25.57	-4.33	0.69	0.12	0.60	
1724.00	1545.00	19.23	-25.94	-5.52	0.56	0.02	0.43	
968.00	1608.00	-12.95	-25.62	3.62	0.90	0.33	0.39	
1031.00	1608.00	-10.39	-25.82	3.03	0.87	0.33	0.48	
1094.00	1608.00	-7.77	-25.62	3.57	0.80	0.32	0.58	
1157.00	1608.00	-5.19	-25.76	3.17	0.81	0.35	0.85	
1220.00	1608.00	-2.59	-25.85	2.92	0.84	0.38	1.08	
1283.00	1608.00	0.01	-25.79	3.11	0.89	0.42	1.21	
1346.00	1608.00	2.60	-25.77	3.21	0.94	0.45	1.22	
1409.00	1608.00	5.22	-25.93	2.76	0.95	0.41	1.17	
1472.00	1608.00	7.88	-26.30	1.72	0.92	0.35	1.09	
1535.00	1608.00	10.63	-26.90	0.02	0.89	0.28	1.00	
1598.00	1608.00	13.49	-27.67	-2.19	0.83	0.19	0.88	
1661.00	1608.00	16.44	-28.47	-4.53	0.66	0.09	0.65	
1724.00	1608.00	19.33	-28.89	-5.72	0.51	-0.00	0.43	
905.00	1671.00	-15.59	-28.32	3.77	0.87	0.33	0.30	
968.00	1671.00	-12.95	-28.16	4.16	0.90	0.34	0.41	
1031.00	1671.00	-10.38	-28.29	3.75	0.82	0.31	0.48	
1094.00	1671.00	-7.77	-28.19	4.05	0.77	0.32	0.68	
1157.00	1671.00	-5.19	-28.33	3.66	0.79	0.34	0.99	
1220.00	1671.00	-2.59	-28.39	3.49	0.80	0.34	1.22	
1283.00	1671.00	0.01	-28.35	3.62	0.85	0.34	1.39	
1346.00	1671.00	2.61	-28.41	3.46	1.02	0.39	1.53	
1409.00	1671.00	5.24	-28.64	2.88	1.02	0.37	1.45	
1472.00	1671.00	7.91	-29.02	1.88	0.95	0.29	1.26	
1535.00	1671.00	10.65	-29.60	0.32	0.94	0.23	1.15	
1598.00	1671.00	13.52	-30.41	-1.94	0.88	0.18	1.04	
1661.00	1671.00	16.46	-31.20	-4.10	0.64	0.07	0.68	
1724.00	1671.00	19.37	-31.69	-5.42	0.47	-0.01	0.42	
905.00	1734.00	-15.60	-30.90	4.18	0.88	0.34	0.31	
968.00	1734.00	-12.94	-30.66	4.87	0.85	0.33	0.38	
1031.00	1734.00	-10.37	-30.77	4.51	0.77	0.30	0.47	
1094.00	1734.00	-7.77	-30.69	4.71	0.73	0.29	0.68	
1157.00	1734.00	-5.19	-30.80	4.41	0.74	0.30	0.98	
1220.00	1734.00	-2.59	-30.81	4.38	0.76	0.27	1.22	
1283.00	1734.00	0.01	-30.80	4.42	0.84	0.23	1.44	
1346.00	1734.00	2.61	-30.93	4.12	0.96	0.25	1.51	
1409.00	1734.00	5.24	-31.22	3.39	0.99	0.27	1.47	
1472.00	1734.00	7.91	-31.61	2.42	0.93	0.23	1.28	
1535.00	1734.00	10.64	-32.14	1.04	0.88	0.15	1.12	
1598.00	1734.00	13.50	-32.95	-1.06	0.81	0.11	0.97	
1661.00	1734.00	16.44	-33.82	-3.35	0.61	0.05	0.67	
1724.00	1734.00	19.36	-34.37	-4.78	0.42	-0.03	0.39	
905.00	1797.00	-15.61	-33.46	4.64	0.86	0.34	0.29	
968.00	1797.00	-12.95	-33.21	5.28	0.82	0.32	0.34	
1031.00	1797.00	-10.40	-33.45	4.69	0.77	0.29	0.45	
1094.00	1797.00	-7.79	-33.39	4.87	0.73	0.27	0.66	
1157.00	1797.00	-5.19	-33.36	4.92	0.72	0.24	0.90	
1220.00	1797.00	-2.59	-33.27	5.16	0.73	0.20	1.10	
1283.00	1797.00	0.00	-33.25	5.26	0.79	0.16	1.26	
1346.00	1797.00	2.60	-33.40	4.89	0.86	0.17	1.34	
1409.00	1797.00	5.23	-33.72	4.11	0.88	0.18	1.31	
1472.00	1797.00	7.90	-34.11	3.18	0.85	0.15	1.17	
1535.00	1797.00	10.62	-34.63	1.90	0.80	0.09	1.01	
1598.00	1797.00	13.47	-35.48	-0.20	0.70	0.05	0.83	
1661.00	1797.00	16.44	-36.49	-2.74	0.52	0.02	0.60	
1724.00	1797.00	19.37	-37.08	-4.20	0.34	-0.05	0.31	
905.00	1860.00	-15.61	-35.96	5.31	0.82	0.35	0.30	
968.00	1860.00	-12.96	-35.78	5.78	0.77	0.31	0.31	
1031.00	1860.00	-10.43	-36.20	4.75	0.72	0.28	0.40	
1094.00	1860.00	-7.80	-36.04	5.15	0.70	0.26	0.57	
1157.00	1860.00	-5.19	-35.98	5.30	0.69	0.23	0.76	
1220.00	1860.00	-2.59	-35.86	5.58	0.70	0.18	0.93	
1283.00	1860.00	0.01	-35.82	5.72	0.74	0.14	1.06	
1346.00	1860.00	2.61	-35.96	5.41	0.77	0.12	1.13	
1409.00	1860.00	5.23	-36.29	4.67	0.79	0.12	1.13	
1472.00	1860.00	7.91	-36.71	3.67	0.77	0.10	1.02	
1535.00	1860.00	10.64	-37.30	2.31	0.71	0.06	0.87	
1598.00	1860.00	13.51	-38.25	0.03	0.59	0.03	0.68	
1661.00	1860.00	16.46	-39.23	-2.31	0.40	-0.01	0.40	
1724.00	1860.00	19.37	-39.80	-3.61	0.28	-0.07	0.23	
905.00	1923.00	-15.57	-38.32	6.25	0.81	0.35	0.34	
968.00	1923.00	-12.95	-38.22	6.45	0.75	0.32	0.32	
1031.00	1923.00	-10.46	-38.92	4.92	0.69	0.28	0.37	
1094.00	1923.00	-7.82	-38.72	5.42	0.65	0.24	0.47	
1157.00	1923.00	-5.20	-38.58	5.75	0.63	0.20	0.62	
1220.00	1923.00	-2.59	-38.47	6.02	0.64	0.17	0.78	
1283.00	1923.00	0.01	-38.46	6.06	0.67	0.14	0.93	
1346.00	1923.00	2.61	-38.57	5.82	0.70	0.12	0.98	
1409.00	1923.00	5.25	-38.96	4.98	0.71	0.09	0.94	
1472.00	1923.00	7.93	-39.45	3.89	0.69	0.08	0.86	
1535.00	1923.00	10.68	-40.11	2.38	0.64	0.05	0.76	
1598.00	1923.00	13.53	-41.00	0.36	0.52	0.04	0.59	
1661.00	1923.00	16.45	-41.84	-1.52	0.35	-0.01	0.33	
