Date : 2024/09/17 16:56:07
Nom du projet : Pharynx-silicone-H3-2
Emplacement du projet : P:\Projets_2024\COSSE\Pharynx-silicone-H3-2\
Légende : 
	Niveau de référence : 0
	Niveau courant : 2
	Paramètres Q4 : 
		Taille d'un élément : 64
		Nombre maximum d'itérations : 5
		Seuil de convergence : 0.001
Commentaires utilisateurs : 
	Opérateur : 
	Lieu : 
	Date : 
	Distance Caméras : 
	Angle caméras : 
	Distance du Capteur à l'objet : 

X(px)	Y(px)	X0(mm)	Y0(mm)	Z0(mm)	DX(mm)	DY(mm)	DZ(mm)	
1283.00	33.00	0.02	38.44	-11.74	1.18	0.15	0.57	
1346.00	33.00	2.67	38.45	-11.36	1.19	0.12	0.56	
1409.00	33.00	5.30	38.38	-10.66	1.19	0.08	0.56	
1472.00	33.00	8.04	38.52	-12.67	1.21	0.05	0.55	
1535.00	33.00	10.82	38.67	-14.29	1.19	0.01	0.53	
1031.00	96.00	-10.73	35.89	-13.38	1.12	0.33	0.55	
1094.00	96.00	-7.96	35.82	-11.58	1.13	0.30	0.58	
1157.00	96.00	-5.26	35.74	-10.32	1.15	0.25	0.60	
1220.00	96.00	-2.61	35.71	-9.69	1.16	0.21	0.60	
1283.00	96.00	0.01	35.68	-9.27	1.17	0.16	0.60	
1346.00	96.00	2.63	35.66	-8.85	1.18	0.11	0.57	
1409.00	96.00	5.22	35.64	-8.25	1.19	0.06	0.55	
1472.00	96.00	7.90	35.72	-9.58	1.19	0.02	0.53	
1535.00	96.00	10.64	35.83	-11.27	1.19	-0.02	0.50	
1598.00	96.00	13.49	35.97	-13.52	1.15	-0.04	0.44	
1661.00	96.00	16.42	36.08	-15.86	1.08	-0.07	0.35	
968.00	159.00	-13.42	33.18	-13.00	1.09	0.36	0.53	
1031.00	159.00	-10.59	33.09	-10.82	1.11	0.31	0.56	
1094.00	159.00	-7.87	33.08	-9.24	1.11	0.26	0.56	
1157.00	159.00	-5.21	33.05	-8.19	1.11	0.23	0.56	
1220.00	159.00	-2.59	33.02	-7.76	1.12	0.19	0.55	
1283.00	159.00	0.01	33.00	-7.27	1.13	0.14	0.53	
1346.00	159.00	2.59	32.99	-6.78	1.15	0.08	0.52	
1409.00	159.00	5.15	32.97	-6.02	1.16	0.03	0.50	
1472.00	159.00	7.80	33.05	-7.38	1.16	-0.01	0.48	
1535.00	159.00	10.50	33.10	-8.74	1.16	-0.05	0.46	
1598.00	159.00	13.29	33.20	-10.71	1.14	-0.08	0.43	
1661.00	159.00	16.20	33.31	-13.21	1.08	-0.09	0.33	
1724.00	159.00	19.08	33.38	-14.75	1.01	-0.11	0.24	
968.00	222.00	-13.29	30.47	-10.92	1.07	0.35	0.48	
1031.00	222.00	-10.51	30.42	-9.11	1.09	0.29	0.51	
1094.00	222.00	-7.82	30.46	-7.84	1.07	0.25	0.50	
1157.00	222.00	-5.19	30.41	-7.08	1.08	0.21	0.48	
1220.00	222.00	-2.58	30.39	-6.29	1.09	0.16	0.46	
1283.00	222.00	0.00	30.43	-5.08	1.12	0.10	0.50	
1346.00	222.00	2.56	30.38	-4.72	1.12	0.04	0.47	
1409.00	222.00	5.13	30.39	-4.89	1.11	0.01	0.43	
1472.00	222.00	7.74	30.43	-5.87	1.11	-0.03	0.40	
1535.00	222.00	10.43	30.49	-7.46	1.10	-0.07	0.36	
1598.00	222.00	13.17	30.53	-8.97	1.10	-0.10	0.35	
1661.00	222.00	16.03	30.59	-11.15	1.07	-0.12	0.31	
1724.00	222.00	18.98	30.68	-13.55	1.00	-0.14	0.20	
905.00	285.00	-16.06	27.89	-11.67	1.03	0.39	0.38	
968.00	285.00	-13.23	27.84	-9.81	1.04	0.34	0.42	
1031.00	285.00	-10.47	27.80	-8.14	1.05	0.29	0.44	
1094.00	285.00	-7.81	27.83	-7.12	1.05	0.24	0.43	
1157.00	285.00	-5.18	27.82	-6.25	1.05	0.19	0.40	
1220.00	285.00	-2.56	27.83	-4.45	1.09	0.13	0.45	
1283.00	285.00	-0.00	27.85	-3.43	1.08	0.07	0.43	
1346.00	285.00	2.55	27.85	-3.83	1.07	0.03	0.37	
1409.00	285.00	5.11	27.86	-4.00	1.08	-0.00	0.38	
1472.00	285.00	7.68	27.88	-4.25	1.08	-0.05	0.36	
1535.00	285.00	10.34	27.89	-5.72	1.07	-0.07	0.32	
1598.00	285.00	13.09	27.91	-7.69	1.04	-0.10	0.27	
1661.00	285.00	15.89	27.94	-9.42	1.04	-0.14	0.24	
1724.00	285.00	18.83	27.97	-11.89	1.01	-0.17	0.21	
1787.00	285.00	21.89	28.00	-14.62	0.96	-0.17	0.17	
905.00	348.00	-16.12	25.22	-11.98	1.03	0.39	0.38	
968.00	348.00	-13.24	25.22	-9.50	1.02	0.34	0.37	
1031.00	348.00	-10.49	25.21	-8.06	1.01	0.29	0.37	
1094.00	348.00	-7.79	25.21	-6.40	1.01	0.24	0.36	
1157.00	348.00	-5.14	25.23	-4.64	1.03	0.18	0.38	
1220.00	348.00	-2.55	25.32	-3.04	1.05	0.11	0.38	
1283.00	348.00	-0.01	25.32	-2.44	1.04	0.06	0.35	
1346.00	348.00	2.53	25.32	-2.54	1.05	0.02	0.36	
1409.00	348.00	5.08	25.32	-2.73	1.05	-0.02	0.33	
1472.00	348.00	7.60	25.35	-2.39	1.05	-0.06	0.32	
1535.00	348.00	10.26	25.33	-4.23	1.04	-0.09	0.28	
1598.00	348.00	12.96	25.35	-5.73	1.03	-0.13	0.26	
1661.00	348.00	15.73	25.35	-7.48	1.02	-0.16	0.24	
1724.00	348.00	18.68	25.32	-10.15	0.98	-0.18	0.18	
1787.00	348.00	21.76	25.30	-13.18	0.92	-0.20	0.11	
842.00	411.00	-18.76	22.55	-10.99	0.98	0.46	0.29	
905.00	411.00	-16.14	22.50	-11.72	1.00	0.40	0.33	
968.00	411.00	-13.29	22.55	-9.78	0.99	0.35	0.33	
1031.00	411.00	-10.52	22.60	-8.07	0.98	0.28	0.31	
1094.00	411.00	-7.79	22.66	-5.97	0.99	0.23	0.32	
1157.00	411.00	-5.12	22.74	-3.62	1.00	0.17	0.34	
1220.00	411.00	-2.54	22.81	-1.92	1.01	0.11	0.34	
1283.00	411.00	-0.01	22.85	-1.14	1.01	0.06	0.33	
1346.00	411.00	2.52	22.86	-1.38	1.01	0.01	0.31	
1409.00	411.00	5.05	22.84	-1.71	1.01	-0.03	0.29	
1472.00	411.00	7.57	22.85	-1.43	1.02	-0.06	0.28	
1535.00	411.00	10.22	22.80	-3.21	1.00	-0.10	0.24	
1598.00	411.00	12.91	22.81	-4.70	0.99	-0.13	0.21	
1661.00	411.00	15.63	22.81	-6.10	0.98	-0.16	0.18	
1724.00	411.00	18.54	22.72	-8.62	0.97	-0.19	0.19	
1787.00	411.00	21.62	22.63	-11.76	0.89	-0.21	0.07	
842.00	474.00	-18.76	19.89	-10.61	0.95	0.48	0.25	
905.00	474.00	-16.11	19.84	-11.00	0.96	0.41	0.27	
968.00	474.00	-13.30	19.89	-9.49	0.94	0.35	0.27	
1031.00	474.00	-10.49	20.03	-7.15	0.94	0.28	0.26	
1094.00	474.00	-7.73	20.21	-4.37	0.96	0.22	0.31	
1157.00	474.00	-5.10	20.25	-2.56	0.95	0.16	0.28	
1220.00	474.00	-2.53	20.36	-0.56	0.98	0.10	0.33	
1283.00	474.00	-0.01	20.42	0.29	0.98	0.05	0.29	
1346.00	474.00	2.50	20.40	-0.11	0.98	0.01	0.29	
1409.00	474.00	5.02	20.36	-0.48	0.99	-0.03	0.28	
1472.00	474.00	7.53	20.41	-0.37	0.99	-0.07	0.26	
1535.00	474.00	10.16	20.34	-1.98	0.98	-0.11	0.22	
1598.00	474.00	12.83	20.27	-3.40	0.96	-0.14	0.19	
1661.00	474.00	15.56	20.23	-4.98	0.95	-0.17	0.15	
1724.00	474.00	18.43	20.16	-7.25	0.94	-0.19	0.14	
1787.00	474.00	21.47	20.01	-10.27	0.87	-0.21	0.05	
842.00	537.00	-18.66	17.35	-9.28	0.92	0.48	0.23	
905.00	537.00	-16.03	17.27	-9.75	0.90	0.42	0.21	
968.00	537.00	-13.25	17.32	-8.51	0.89	0.34	0.22	
1031.00	537.00	-10.39	17.58	-5.17	0.92	0.28	0.27	
1094.00	537.00	-7.69	17.70	-2.97	0.90	0.22	0.25	
1157.00	537.00	-5.07	17.79	-1.13	0.92	0.15	0.27	
1220.00	537.00	-2.52	17.85	0.33	0.95	0.10	0.31	
1283.00	537.00	-0.02	17.98	1.43	0.94	0.04	0.26	
1346.00	537.00	2.48	17.98	1.26	0.94	0.00	0.26	
1409.00	537.00	5.00	17.94	0.51	0.96	-0.04	0.25	
1472.00	537.00	7.50	17.94	0.66	0.95	-0.08	0.22	
1535.00	537.00	10.10	17.89	-0.76	0.94	-0.11	0.18	
1598.00	537.00	12.73	17.82	-1.89	0.94	-0.15	0.17	
1661.00	537.00	15.46	17.72	-3.61	0.92	-0.18	0.14	
1724.00	537.00	18.29	17.60	-5.72	0.91	-0.20	0.10	
1787.00	537.00	21.37	17.41	-9.06	0.85	-0.22	0.05	
905.00	600.00	-15.89	14.76	-7.88	0.84	0.39	0.19	
968.00	600.00	-13.14	14.85	-6.59	0.84	0.34	0.21	
1031.00	600.00	-10.33	15.08	-3.73	0.88	0.28	0.28	
1094.00	600.00	-7.67	15.15	-2.16	0.85	0.21	0.22	
1157.00	600.00	-5.05	15.38	0.13	0.89	0.15	0.26	
1220.00	600.00	-2.51	15.49	1.58	0.91	0.10	0.27	
1283.00	600.00	-0.02	15.57	2.23	0.91	0.04	0.24	
1346.00	600.00	2.48	15.50	1.59	0.91	0.00	0.23	
1409.00	600.00	4.99	15.46	1.14	0.92	-0.04	0.21	
1472.00	600.00	7.48	15.49	1.32	0.92	-0.08	0.19	
1535.00	600.00	10.06	15.42	0.32	0.91	-0.12	0.16	
1598.00	600.00	12.67	15.33	-0.80	0.91	-0.15	0.15	
1661.00	600.00	15.38	15.24	-2.42	0.90	-0.18	0.11	
1724.00	600.00	18.26	15.04	-5.02	0.87	-0.21	0.08	
1787.00	600.00	21.29	14.81	-8.05	0.83	-0.22	0.03	
968.00	663.00	-13.01	12.42	-4.61	0.80	0.34	0.23	
1031.00	663.00	-10.26	12.64	-2.29	0.81	0.30	0.26	
1094.00	663.00	-7.61	12.65	-0.48	0.82	0.23	0.25	
1157.00	663.00	-5.03	12.96	1.22	0.86	0.16	0.26	
1220.00	663.00	-2.51	13.11	2.37	0.87	0.10	0.24	
1283.00	663.00	-0.02	13.09	2.35	0.87	0.04	0.20	
1346.00	663.00	2.48	13.01	1.77	0.87	0.00	0.19	
1409.00	663.00	5.00	12.97	1.40	0.88	-0.04	0.18	
1472.00	663.00	7.50	12.97	1.37	0.87	-0.08	0.15	
1535.00	663.00	10.07	12.92	0.59	0.87	-0.12	0.12	
1598.00	663.00	12.67	12.85	-0.36	0.86	-0.16	0.10	
1661.00	663.00	15.37	12.70	-1.90	0.85	-0.19	0.07	
1724.00	663.00	18.28	12.43	-4.79	0.82	-0.20	0.03	
1787.00	663.00	21.27	12.20	-7.51	0.80	-0.22	0.01	
1850.00	663.00	24.40	11.92	-10.51	0.79	-0.22	0.03	
968.00	726.00	-12.91	9.99	-2.87	0.75	0.33	0.21	
1031.00	726.00	-10.15	10.27	-0.13	0.75	0.30	0.24	
1094.00	726.00	-7.55	10.46	1.31	0.78	0.25	0.29	
1157.00	726.00	-5.02	10.50	1.79	0.83	0.16	0.25	
1220.00	726.00	-2.51	10.61	2.51	0.83	0.10	0.20	
1283.00	726.00	-0.01	10.55	2.16	0.83	0.05	0.17	
1346.00	726.00	2.50	10.45	1.46	0.83	0.00	0.16	
1409.00	726.00	5.01	10.46	1.53	0.83	-0.04	0.14	
1472.00	726.00	7.53	10.44	1.29	0.83	-0.08	0.11	
1535.00	726.00	10.09	10.39	0.61	0.82	-0.12	0.08	
1598.00	726.00	12.71	10.28	-0.38	0.81	-0.15	0.06	
1661.00	726.00	15.42	10.12	-1.97	0.80	-0.18	0.04	
1724.00	726.00	18.31	9.83	-4.56	0.78	-0.20	0.00	
1787.00	726.00	21.33	9.51	-7.52	0.75	-0.22	-0.03	
968.00	789.00	-12.83	7.56	-1.40	0.70	0.32	0.19	
1031.00	789.00	-10.13	7.83	0.70	0.71	0.30	0.23	
1094.00	789.00	-7.55	7.98	1.75	0.75	0.26	0.30	
1157.00	789.00	-5.03	8.00	1.86	0.78	0.16	0.22	
1220.00	789.00	-2.52	8.01	1.96	0.79	0.10	0.18	
1283.00	789.00	-0.01	7.96	1.65	0.79	0.05	0.15	
1346.00	789.00	2.51	7.92	1.34	0.78	0.01	0.12	
1409.00	789.00	5.02	7.95	1.71	0.79	-0.04	0.10	
1472.00	789.00	7.55	7.91	1.28	0.78	-0.08	0.07	
1535.00	789.00	10.12	7.85	0.70	0.77	-0.11	0.04	
1598.00	789.00	12.75	7.71	-0.44	0.76	-0.15	0.02	
1661.00	789.00	15.47	7.51	-2.06	0.75	-0.18	-0.00	
1724.00	789.00	18.41	7.14	-4.98	0.73	-0.20	-0.03	
1787.00	789.00	21.35	6.88	-7.17	0.70	-0.21	-0.06	
968.00	852.00	-12.84	5.00	-1.13	0.65	0.31	0.18	
1031.00	852.00	-10.16	5.26	0.61	0.66	0.30	0.23	
1094.00	852.00	-7.56	5.46	1.94	0.73	0.25	0.30	
1157.00	852.00	-5.05	5.46	1.74	0.74	0.16	0.18	
1220.00	852.00	-2.53	5.40	1.41	0.74	0.11	0.15	
1283.00	852.00	-0.01	5.31	0.93	0.73	0.06	0.11	
1346.00	852.00	2.53	5.32	0.88	0.73	0.02	0.08	
1409.00	852.00	5.05	5.37	1.24	0.75	-0.03	0.07	
1472.00	852.00	7.59	5.32	1.01	0.73	-0.07	0.03	
1535.00	852.00	10.16	5.26	0.49	0.72	-0.10	0.01	
1598.00	852.00	12.81	5.10	-0.71	0.71	-0.14	-0.01	
1661.00	852.00	15.57	4.85	-2.52	0.70	-0.17	-0.03	
1724.00	852.00	18.50	4.45	-5.24	0.67	-0.19	-0.06	
1787.00	852.00	21.45	4.15	-7.44	0.65	-0.20	-0.10	
968.00	915.00	-12.85	2.45	-0.77	0.61	0.29	0.18	
1031.00	915.00	-10.21	2.61	0.32	0.62	0.29	0.22	
1094.00	915.00	-7.60	2.84	1.43	0.69	0.24	0.28	
1157.00	915.00	-5.07	2.85	1.35	0.69	0.16	0.15	
1220.00	915.00	-2.55	2.71	0.66	0.69	0.12	0.13	
1283.00	915.00	-0.00	2.65	0.32	0.68	0.07	0.08	
1346.00	915.00	2.54	2.71	0.62	0.69	0.02	0.07	
1409.00	915.00	5.07	2.78	1.05	0.70	-0.02	0.03	
1472.00	915.00	7.62	2.74	0.83	0.69	-0.06	-0.00	
1535.00	915.00	10.21	2.65	0.21	0.68	-0.10	-0.03	
1598.00	915.00	12.88	2.44	-1.08	0.66	-0.13	-0.05	
1661.00	915.00	15.69	2.11	-3.28	0.65	-0.16	-0.06	
1724.00	915.00	18.62	1.69	-5.78	0.61	-0.17	-0.10	
1787.00	915.00	21.56	1.39	-7.77	0.60	-0.19	-0.12	
1031.00	978.00	-10.27	-0.05	-0.18	0.60	0.27	0.23	
1094.00	978.00	-7.67	0.10	0.38	0.65	0.22	0.22	
1157.00	978.00	-5.10	0.23	1.01	0.65	0.17	0.15	
1220.00	978.00	-2.56	0.13	0.57	0.64	0.12	0.12	
1283.00	978.00	0.00	0.00	0.00	0.63	0.07	0.07	
1346.00	978.00	2.55	0.13	0.69	0.65	0.03	0.05	
1409.00	978.00	5.10	0.16	0.85	0.65	-0.02	-0.00	
1472.00	978.00	7.65	0.14	0.72	0.65	-0.05	-0.03	
1535.00	978.00	10.25	0.05	0.19	0.63	-0.09	-0.06	
1598.00	978.00	12.95	-0.22	-1.35	0.62	-0.12	-0.07	
1661.00	978.00	15.81	-0.68	-3.89	0.60	-0.15	-0.09	
1724.00	978.00	18.72	-1.08	-6.17	0.56	-0.17	-0.13	
1787.00	978.00	21.67	-1.42	-8.10	0.56	-0.18	-0.13	
1031.00	1041.00	-10.29	-2.61	0.01	0.57	0.23	0.20	
1094.00	1041.00	-7.70	-2.53	0.29	0.59	0.21	0.18	
1157.00	1041.00	-5.12	-2.47	0.58	0.60	0.17	0.16	
1220.00	1041.00	-2.57	-2.53	0.28	0.60	0.12	0.11	
1283.00	1041.00	0.00	-2.53	0.33	0.59	0.07	0.06	
1346.00	1041.00	2.55	-2.40	1.04	0.61	0.03	0.05	
1409.00	1041.00	5.10	-2.35	1.23	0.61	-0.01	-0.00	
1472.00	1041.00	7.67	-2.42	0.91	0.61	-0.05	-0.04	
1535.00	1041.00	10.27	-2.52	0.38	0.60	-0.08	-0.07	
1598.00	1041.00	13.00	-2.89	-1.46	0.59	-0.11	-0.08	
1661.00	1041.00	15.90	-3.43	-4.30	0.57	-0.14	-0.10	
1724.00	1041.00	18.80	-3.85	-6.35	0.53	-0.17	-0.14	
1094.00	1104.00	-7.72	-5.13	0.35	0.54	0.19	0.16	
1157.00	1104.00	-5.14	-5.11	0.50	0.56	0.16	0.16	
1220.00	1104.00	-2.57	-5.13	0.43	0.56	0.11	0.10	
1283.00	1104.00	0.00	-5.12	0.54	0.56	0.07	0.05	
1346.00	1104.00	2.55	-4.95	1.38	0.59	0.03	0.05	
1409.00	1104.00	5.10	-4.85	1.77	0.58	-0.01	-0.02	
1472.00	1104.00	7.68	-4.97	1.21	0.58	-0.05	-0.05	
1535.00	1104.00	10.30	-5.12	0.45	0.57	-0.07	-0.07	
1598.00	1104.00	13.04	-5.52	-1.42	0.56	-0.11	-0.09	
1661.00	1104.00	15.93	-6.09	-4.05	0.55	-0.13	-0.09	
1724.00	1104.00	18.87	-6.60	-6.36	0.50	-0.17	-0.15	
1094.00	1167.00	-7.74	-7.76	0.44	0.48	0.17	0.12	
1157.00	1167.00	-5.16	-7.81	0.20	0.53	0.14	0.15	
1220.00	1167.00	-2.58	-7.84	0.14	0.54	0.10	0.09	
1283.00	1167.00	0.00	-7.71	0.73	0.53	0.06	0.02	
1346.00	1167.00	2.56	-7.53	1.57	0.55	0.03	0.01	
1409.00	1167.00	5.11	-7.45	1.84	0.55	-0.01	-0.05	
1472.00	1167.00	7.72	-7.66	0.98	0.55	-0.04	-0.06	
1535.00	1167.00	10.37	-7.88	-0.03	0.54	-0.07	-0.08	
1598.00	1167.00	13.08	-8.21	-1.40	0.54	-0.10	-0.08	
1661.00	1167.00	16.00	-8.84	-4.25	0.52	-0.14	-0.10	
1094.00	1230.00	-7.75	-10.37	0.70	0.46	0.16	0.13	
1157.00	1230.00	-5.17	-10.40	0.45	0.50	0.12	0.10	
1220.00	1230.00	-2.58	-10.39	0.51	0.53	0.08	0.05	
1283.00	1230.00	0.00	-10.26	1.05	0.53	0.05	0.00	
1346.00	1230.00	2.57	-10.11	1.69	0.53	0.02	-0.02	
1409.00	1230.00	5.14	-10.11	1.73	0.52	-0.01	-0.07	
1472.00	1230.00	7.71	-10.15	1.56	0.52	-0.04	-0.08	
1535.00	1230.00	10.40	-10.53	0.04	0.51	-0.06	-0.08	
1598.00	1230.00	13.21	-11.11	-2.37	0.51	-0.10	-0.09	
1661.00	1230.00	16.06	-11.59	-4.32	0.49	-0.13	-0.08	
1031.00	1293.00	-10.35	-12.98	1.02	0.45	0.13	0.05	
1094.00	1293.00	-7.76	-12.95	1.08	0.49	0.12	0.12	
1157.00	1293.00	-5.16	-12.88	1.21	0.54	0.10	0.11	
1220.00	1293.00	-2.58	-12.85	1.23	0.53	0.06	0.03	
1283.00	1293.00	0.00	-12.79	1.53	0.52	0.04	-0.02	
1346.00	1293.00	2.58	-12.71	1.88	0.52	0.02	-0.05	
1409.00	1293.00	5.15	-12.74	1.78	0.50	-0.01	-0.08	
1472.00	1293.00	7.76	-12.91	1.16	0.49	-0.03	-0.09	
1535.00	1293.00	10.44	-13.23	-0.11	0.49	-0.06	-0.07	
1598.00	1293.00	13.27	-13.89	-2.56	0.48	-0.10	-0.08	
1661.00	1293.00	16.07	-14.24	-3.85	0.46	-0.13	-0.08	
1031.00	1356.00	-10.36	-15.56	1.33	0.50	0.11	0.11	
1094.00	1356.00	-7.74	-15.37	1.94	0.55	0.09	0.12	
1157.00	1356.00	-5.15	-15.23	2.35	0.56	0.07	0.08	
1220.00	1356.00	-2.57	-15.17	2.41	0.55	0.05	0.03	
1283.00	1356.00	0.00	-15.24	2.28	0.53	0.04	-0.02	
1346.00	1356.00	2.57	-15.22	2.41	0.52	0.03	-0.05	
1409.00	1356.00	5.16	-15.34	2.01	0.49	0.00	-0.08	
1472.00	1356.00	7.79	-15.59	1.13	0.48	-0.02	-0.07	
1535.00	1356.00	10.50	-16.00	-0.36	0.47	-0.05	-0.05	
1598.00	1356.00	13.33	-16.65	-2.66	0.47	-0.09	-0.05	
1661.00	1356.00	16.15	-17.08	-4.12	0.42	-0.14	-0.09	
1031.00	1419.00	-10.37	-18.08	1.82	0.58	0.11	0.18	
1094.00	1419.00	-7.72	-17.74	2.84	0.58	0.08	0.11	
1157.00	1419.00	-5.13	-17.57	3.43	0.57	0.06	0.05	
1220.00	1419.00	-2.57	-17.63	3.28	0.56	0.05	0.03	
1283.00	1419.00	0.00	-17.61	3.32	0.54	0.04	-0.01	
1346.00	1419.00	2.57	-17.72	3.01	0.52	0.03	-0.03	
1409.00	1419.00	5.18	-17.96	2.23	0.49	0.01	-0.04	
1472.00	1419.00	7.82	-18.28	1.19	0.48	-0.01	-0.02	
1535.00	1419.00	10.54	-18.72	-0.31	0.48	-0.04	0.00	
1598.00	1419.00	13.35	-19.32	-2.39	0.47	-0.08	-0.01	
1661.00	1419.00	16.18	-19.75	-3.78	0.40	-0.13	-0.06	
968.00	1482.00	-12.95	-20.58	2.52	0.58	0.11	0.20	
1031.00	1482.00	-10.38	-20.68	2.16	0.60	0.09	0.16	
1094.00	1482.00	-7.73	-20.35	3.12	0.60	0.07	0.11	
1157.00	1482.00	-5.14	-20.26	3.49	0.57	0.06	0.06	
1220.00	1482.00	-2.57	-20.21	3.58	0.56	0.06	0.05	
1283.00	1482.00	-0.00	-20.12	3.92	0.54	0.05	0.02	
1346.00	1482.00	2.57	-20.22	3.59	0.52	0.04	0.01	
1409.00	1482.00	5.17	-20.46	2.90	0.50	0.02	0.02	
1472.00	1482.00	7.82	-20.77	1.81	0.49	0.01	0.06	
1535.00	1482.00	10.56	-21.37	-0.09	0.50	-0.03	0.08	
1598.00	1482.00	13.36	-21.96	-1.91	0.50	-0.04	0.11	
1661.00	1482.00	16.25	-22.58	-3.88	0.38	-0.14	-0.04	
1724.00	1482.00	19.10	-22.96	-5.05	0.30	-0.19	-0.13	
968.00	1545.00	-12.96	-23.13	2.99	0.60	0.11	0.22	
1031.00	1545.00	-10.40	-23.28	2.45	0.62	0.10	0.20	
1094.00	1545.00	-7.76	-23.07	3.13	0.60	0.07	0.13	
1157.00	1545.00	-5.17	-23.10	3.03	0.57	0.05	0.10	
1220.00	1545.00	-2.58	-23.07	3.10	0.56	0.04	0.11	
1283.00	1545.00	0.00	-23.04	3.20	0.54	0.03	0.08	
1346.00	1545.00	2.59	-22.98	3.47	0.52	0.03	0.07	
1409.00	1545.00	5.18	-23.01	3.29	0.50	0.03	0.06	
1472.00	1545.00	7.84	-23.50	1.86	0.51	0.01	0.13	
1535.00	1545.00	10.58	-24.05	0.15	0.53	-0.02	0.19	
1598.00	1545.00	13.43	-24.82	-2.16	0.48	-0.07	0.13	
1661.00	1545.00	16.36	-25.57	-4.33	0.39	-0.11	0.06	
1724.00	1545.00	19.23	-25.94	-5.52	0.33	-0.15	-0.01	
968.00	1608.00	-12.95	-25.62	3.62	0.64	0.13	0.30	
1031.00	1608.00	-10.39	-25.82	3.03	0.64	0.11	0.24	
1094.00	1608.00	-7.77	-25.62	3.57	0.62	0.08	0.19	
1157.00	1608.00	-5.19	-25.76	3.17	0.60	0.05	0.19	
1220.00	1608.00	-2.59	-25.85	2.92	0.58	0.04	0.20	
1283.00	1608.00	0.01	-25.79	3.11	0.56	0.03	0.18	
1346.00	1608.00	2.60	-25.77	3.21	0.54	0.03	0.18	
1409.00	1608.00	5.22	-25.93	2.76	0.52	0.02	0.21	
1472.00	1608.00	7.88	-26.30	1.72	0.53	0.00	0.27	
1535.00	1608.00	10.63	-26.90	0.02	0.54	-0.03	0.30	
1598.00	1608.00	13.49	-27.67	-2.19	0.47	-0.08	0.23	
1661.00	1608.00	16.44	-28.47	-4.53	0.37	-0.13	0.13	
1724.00	1608.00	19.33	-28.89	-5.72	0.32	-0.14	0.07	
905.00	1671.00	-15.59	-28.32	3.77	0.63	0.14	0.41	
968.00	1671.00	-12.95	-28.16	4.16	0.68	0.16	0.41	
1031.00	1671.00	-10.38	-28.29	3.75	0.66	0.11	0.29	
1094.00	1671.00	-7.77	-28.19	4.05	0.63	0.08	0.27	
1157.00	1671.00	-5.19	-28.33	3.66	0.62	0.05	0.28	
1220.00	1671.00	-2.59	-28.39	3.49	0.60	0.04	0.29	
1283.00	1671.00	0.01	-28.35	3.62	0.58	0.02	0.29	
1346.00	1671.00	2.61	-28.41	3.46	0.56	0.02	0.31	
1409.00	1671.00	5.24	-28.64	2.88	0.55	0.01	0.35	
1472.00	1671.00	7.91	-29.02	1.88	0.56	-0.01	0.40	
1535.00	1671.00	10.65	-29.60	0.32	0.55	-0.04	0.39	
1598.00	1671.00	13.52	-30.41	-1.94	0.47	-0.08	0.32	
1661.00	1671.00	16.46	-31.20	-4.10	0.39	-0.11	0.24	
1724.00	1671.00	19.37	-31.69	-5.42	0.33	-0.13	0.16	
905.00	1734.00	-15.60	-30.90	4.18	0.65	0.16	0.49	
968.00	1734.00	-12.94	-30.66	4.87	0.69	0.17	0.48	
1031.00	1734.00	-10.37	-30.77	4.51	0.67	0.12	0.36	
1094.00	1734.00	-7.77	-30.69	4.71	0.65	0.09	0.35	
1157.00	1734.00	-5.19	-30.80	4.41	0.64	0.06	0.36	
1220.00	1734.00	-2.59	-30.81	4.38	0.62	0.04	0.37	
1283.00	1734.00	0.01	-30.80	4.42	0.60	0.03	0.39	
1346.00	1734.00	2.61	-30.93	4.12	0.58	0.02	0.42	
1409.00	1734.00	5.24	-31.22	3.39	0.57	-0.00	0.45	
1472.00	1734.00	7.91	-31.61	2.42	0.57	-0.02	0.49	
1535.00	1734.00	10.64	-32.14	1.04	0.56	-0.04	0.47	
1598.00	1734.00	13.50	-32.95	-1.06	0.49	-0.08	0.40	
1661.00	1734.00	16.44	-33.82	-3.35	0.41	-0.10	0.34	
1724.00	1734.00	19.36	-34.37	-4.78	0.35	-0.11	0.26	
905.00	1797.00	-15.61	-33.46	4.64	0.66	0.16	0.54	
968.00	1797.00	-12.95	-33.21	5.28	0.70	0.17	0.53	
1031.00	1797.00	-10.40	-33.45	4.69	0.68	0.12	0.43	
1094.00	1797.00	-7.79	-33.39	4.87	0.67	0.09	0.44	
1157.00	1797.00	-5.19	-33.36	4.92	0.65	0.06	0.45	
1220.00	1797.00	-2.59	-33.27	5.16	0.64	0.04	0.46	
1283.00	1797.00	0.00	-33.25	5.26	0.61	0.03	0.47	
1346.00	1797.00	2.60	-33.40	4.89	0.60	0.02	0.50	
1409.00	1797.00	5.23	-33.72	4.11	0.58	-0.01	0.53	
1472.00	1797.00	7.90	-34.11	3.18	0.58	-0.03	0.54	
1535.00	1797.00	10.62	-34.63	1.90	0.56	-0.04	0.53	
1598.00	1797.00	13.47	-35.48	-0.20	0.50	-0.07	0.48	
1661.00	1797.00	16.44	-36.49	-2.74	0.42	-0.09	0.42	
1724.00	1797.00	19.37	-37.08	-4.20	0.36	-0.11	0.35	
905.00	1860.00	-15.61	-35.96	5.31	0.65	0.14	0.54	
968.00	1860.00	-12.96	-35.78	5.78	0.72	0.17	0.59	
1031.00	1860.00	-10.43	-36.20	4.75	0.70	0.12	0.52	
1094.00	1860.00	-7.80	-36.04	5.15	0.68	0.08	0.51	
1157.00	1860.00	-5.19	-35.98	5.30	0.67	0.05	0.53	
1220.00	1860.00	-2.59	-35.86	5.58	0.66	0.03	0.55	
1283.00	1860.00	0.01	-35.82	5.72	0.63	0.03	0.56	
1346.00	1860.00	2.61	-35.96	5.41	0.61	0.01	0.59	
1409.00	1860.00	5.23	-36.29	4.67	0.60	-0.01	0.61	
1472.00	1860.00	7.91	-36.71	3.67	0.59	-0.03	0.61	
1535.00	1860.00	10.64	-37.30	2.31	0.56	-0.04	0.61	
1598.00	1860.00	13.51	-38.25	0.03	0.50	-0.07	0.57	
1661.00	1860.00	16.46	-39.23	-2.31	0.43	-0.10	0.50	
1724.00	1860.00	19.37	-39.80	-3.61	0.36	-0.13	0.38	
905.00	1923.00	-15.57	-38.32	6.25	0.65	0.13	0.53	
968.00	1923.00	-12.95	-38.22	6.45	0.70	0.14	0.58	
1031.00	1923.00	-10.46	-38.92	4.92	0.71	0.12	0.59	
1094.00	1923.00	-7.82	-38.72	5.42	0.70	0.08	0.58	
1157.00	1923.00	-5.20	-38.58	5.75	0.69	0.06	0.61	
1220.00	1923.00	-2.59	-38.47	6.02	0.67	0.04	0.63	
1283.00	1923.00	0.01	-38.46	6.06	0.65	0.02	0.66	
1346.00	1923.00	2.61	-38.57	5.82	0.64	-0.00	0.69	
1409.00	1923.00	5.25	-38.96	4.98	0.63	-0.02	0.71	
1472.00	1923.00	7.93	-39.45	3.89	0.61	-0.03	0.71	
1535.00	1923.00	10.68	-40.11	2.38	0.58	-0.04	0.71	
1598.00	1923.00	13.53	-41.00	0.36	0.53	-0.06	0.68	
1661.00	1923.00	16.45	-41.84	-1.52	0.46	-0.08	0.60	
